date,code,open,high,low,close,preclose,volume,amount,turn,tradestatus,pctChg,isST,pbMRQ
2017-01-03,sz.002371,26.6800,27.0600,26.5000,26.6600,26.6000,2864953,76652369.0000,1.752007,1,0.225562,0,3.883830
2017-01-04,sz.002371,26.8000,28.4100,26.6800,28.3800,26.6600,12098215,336721088.0000,7.398430,1,6.451611,0,4.134400
2017-01-05,sz.002371,28.0000,28.3200,27.7800,28.0100,28.3800,6821171,190768854.0000,4.171356,1,-1.303731,0,4.080498
2017-01-06,sz.002371,27.7200,28.1900,27.6600,27.9800,28.0100,5488285,153204956.0000,3.356255,1,-0.107107,0,4.076128
2017-01-09,sz.002371,27.9900,29.2000,27.7700,28.9400,27.9800,7959187,228523489.0000,4.867287,1,3.431026,0,4.215980
2017-01-10,sz.002371,28.7500,29.0700,28.3900,28.3900,28.9400,4839261,138973836.0000,2.959357,1,-1.900488,0,4.135856
2017-01-11,sz.002371,28.3200,28.9700,28.0800,28.4200,28.3900,4150953,118384339.0000,2.538435,1,0.105673,0,4.140227
2017-01-12,sz.002371,28.2300,28.5000,28.0100,28.0800,28.4200,3156928,89214324.0000,1.930558,1,-1.196341,0,4.090696
2017-01-13,sz.002371,27.9100,28.6900,27.5000,28.1000,28.0800,4213174,118965965.0000,2.576485,1,0.071227,0,4.093609
2017-01-16,sz.002371,28.1000,28.1000,25.2900,26.3000,28.1000,6479672,171198894.0000,3.962518,1,-6.405698,0,3.831385
2017-01-17,sz.002371,26.0100,27.1600,25.8000,26.9700,26.3000,4398809,116122658.0000,2.690007,1,2.547529,0,3.928991
2017-01-18,sz.002371,26.7100,26.9900,26.0000,26.2300,26.9700,3003381,79550599.0000,1.836660,1,-2.743789,0,3.821187
2017-01-19,sz.002371,26.0400,26.2800,25.7100,26.1900,26.2300,2306718,59941985.0000,1.410629,1,-0.152493,0,3.815360
2017-01-20,sz.002371,26.1900,27.4000,26.0500,27.0700,26.1900,4383804,118416179.0000,2.680831,1,3.360058,0,3.943559
2017-01-23,sz.002371,27.1400,27.8000,26.9000,27.1300,27.0700,3708178,101117511.0000,2.267665,1,0.221646,0,3.952299
2017-01-24,sz.002371,27.1100,27.4700,26.8200,27.2800,27.1300,3117721,84456580.0000,1.906582,1,0.552899,0,3.974151
2017-01-25,sz.002371,27.2300,27.5900,26.8400,27.5000,27.2800,3608034,98505639.0000,2.206424,1,0.806449,0,4.006201
2017-01-26,sz.002371,27.6000,28.2000,27.5100,28.1900,27.5000,4939004,137698861.0000,3.020353,1,2.509093,0,4.106720
2017-02-03,sz.002371,28.1300,28.2600,27.7900,27.8400,28.1900,2280862,63764053.0000,1.394817,1,-1.241576,0,4.055732
2017-02-06,sz.002371,27.7900,28.5700,27.6000,28.3400,27.8400,5269570,147843301.0000,3.222504,1,1.795977,0,4.128572
2017-02-07,sz.002371,28.2700,28.3300,27.7000,27.8500,28.3400,3393342,94833430.0000,2.075133,1,-1.729004,0,4.057189
2017-02-08,sz.002371,27.6700,28.3600,27.6700,28.2800,27.8500,4046864,113582216.0000,2.474782,1,1.543987,0,4.119832
2017-02-09,sz.002371,28.1800,28.4200,27.9200,28.3200,28.2800,3883166,109359391.0000,2.374675,1,0.141439,0,4.125659
2017-02-10,sz.002371,28.3600,28.3700,27.7200,27.8200,28.3200,4086357,114547906.0000,2.498933,1,-1.765537,0,4.052819
2017-02-13,sz.002371,27.5600,28.0900,27.3000,28.0900,27.8200,4089420,113409722.0000,2.500806,1,0.970526,0,4.092152
2017-02-14,sz.002371,28.0800,28.1400,27.8200,27.9100,28.0900,2228774,62307079.0000,1.362964,1,-0.640799,0,4.065930
2017-02-15,sz.002371,27.9800,28.0700,26.7600,27.0800,27.9100,3569665,98282264.0000,2.182960,1,-2.973844,0,3.945015
2017-02-16,sz.002371,27.0800,27.2400,26.8200,27.0100,27.0800,3104467,83981124.0000,1.898477,1,-0.258492,0,3.934818
2017-02-17,sz.002371,27.1000,27.1500,26.4800,26.7300,27.0100,3055308,81697500.0000,1.868415,1,-1.036656,0,3.894027
2017-02-20,sz.002371,26.7300,26.8500,26.1800,26.6600,26.7300,2889765,76504269.0000,1.767180,1,-0.261877,0,3.883830
2017-02-21,sz.002371,26.5100,27.0800,26.5100,27.0100,26.6600,3342716,89977119.0000,2.044173,1,1.312830,0,3.934818
2017-02-22,sz.002371,26.9500,28.1600,26.8200,27.7500,27.0100,6369553,175507236.0000,3.895177,1,2.739725,0,4.042621
2017-02-23,sz.002371,27.7000,28.8000,27.5500,28.6700,27.7500,10806185,304243296.0000,6.608314,1,3.315316,0,4.176647
2017-02-24,sz.002371,28.7000,30.1800,28.2100,28.8500,28.6700,15103208,441658848.0000,9.236075,1,0.627835,0,4.202869
2017-02-27,sz.002371,28.8000,29.1800,28.4100,28.5400,28.8500,5864950,168545718.0000,3.586597,1,-1.074522,0,4.157708
2017-02-28,sz.002371,28.5300,28.7100,28.0800,28.5000,28.5400,4588393,129812709.0000,2.805943,1,-0.140157,0,4.151881
2017-03-01,sz.002371,28.4500,29.1900,28.2200,28.8400,28.5000,5838235,167944586.0000,3.570260,1,1.192983,0,4.201412
2017-03-02,sz.002371,28.7500,29.1000,28.2200,28.3800,28.8400,4058605,115987608.0000,2.481962,1,-1.595010,0,4.134400
2017-03-03,sz.002371,28.3600,29.4600,28.0000,29.4600,28.3800,11367040,328036896.0000,6.951294,1,3.805496,0,4.291734
2017-03-06,sz.002371,29.8000,31.2100,29.5300,30.8600,29.4600,15942484,484643936.0000,9.749319,1,4.752212,0,4.495686
2017-03-07,sz.002371,30.6100,31.1300,30.3800,30.7100,30.8600,9205295,282677696.0000,5.629321,1,-0.486071,0,4.473834
2017-03-08,sz.002371,30.6000,30.9700,30.2200,30.3300,30.7100,5657931,172760235.0000,3.459999,1,-1.237379,0,4.418476
2017-03-09,sz.002371,30.2400,30.7200,29.7300,30.5700,30.3300,6571706,198243409.0000,4.018800,1,0.791295,0,4.453439
2017-03-10,sz.002371,30.6800,30.6800,30.0300,30.3000,30.5700,4984714,150916123.0000,3.048306,1,-0.883220,0,4.414105
2017-03-13,sz.002371,30.1500,31.4800,29.9000,31.4400,30.3000,10649086,330657968.0000,6.512243,1,3.762381,0,4.580180
2017-03-14,sz.002371,31.3900,32.0000,31.2100,31.4000,31.4400,10980109,346857904.0000,6.714674,1,-0.127229,0,4.574353
2017-03-15,sz.002371,31.0000,31.8000,30.6700,31.2600,31.4000,6950834,216135796.0000,4.250648,1,-0.445858,0,4.553958
2017-03-16,sz.002371,30.8600,32.0000,30.7200,31.7500,31.2600,12076017,379663280.0000,7.384855,1,1.567498,0,4.555741
2017-03-17,sz.002371,32.8500,33.3300,31.1700,31.2300,31.7500,15042279,485205136.0000,9.033515,1,-1.637797,0,4.481127
2017-03-20,sz.002371,30.7000,30.9400,30.0400,30.4100,31.2300,9354610,284647984.0000,5.617833,1,-2.625679,0,4.363467
2017-03-21,sz.002371,30.3700,30.7800,30.0000,30.3500,30.4100,6247439,189762771.0000,3.751847,1,-0.197302,0,4.354858
2017-03-22,sz.002371,30.0600,30.7500,29.8900,30.4800,30.3500,5600669,170259549.0000,3.363435,1,0.428333,0,4.373511
2017-03-23,sz.002371,30.4800,30.7900,29.5600,30.3200,30.4800,6336879,191777937.0000,3.805560,1,-0.524934,0,4.350553
2017-03-24,sz.002371,30.3300,30.3400,29.8000,29.9700,30.3200,4630289,139271860.0000,2.780681,1,-1.154355,0,4.300332
2017-03-27,sz.002371,30.1100,30.5900,30.0600,30.1500,29.9700,5041007,152827786.0000,3.027335,1,0.600602,0,4.326160
2017-03-28,sz.002371,30.0000,31.5000,29.9900,31.2000,30.1500,8589442,265401542.0000,5.158318,1,3.482591,0,4.476822
2017-03-29,sz.002371,31.2000,31.4500,30.1000,30.1300,31.2000,6878372,211770925.0000,4.130749,1,-3.429492,0,4.323290
2017-03-30,sz.002371,30.0700,30.2800,28.6900,28.7700,30.1300,7207432,211122182.0000,4.328363,1,-4.513770,0,4.128147
2017-03-31,sz.002371,28.7900,29.1200,28.0100,28.5000,28.7700,6665484,190152268.0000,4.002901,1,-0.938479,0,4.089405
2017-04-05,sz.002371,28.5500,29.4000,28.5500,29.2700,28.5000,5721317,166464491.0000,3.435889,1,2.701756,0,4.199891
2017-04-06,sz.002371,29.3400,29.6900,29.0100,29.2700,29.2700,4414039,129149348.0000,2.650814,1,0.000000,0,4.199891
2017-04-07,sz.002371,29.1000,29.5200,29.1000,29.2600,29.2700,3560521,104500732.0000,2.138241,1,-0.034165,0,4.198456
2017-04-10,sz.002371,29.0800,29.2000,27.5200,27.8700,29.2600,6813027,192625105.0000,4.091507,1,-4.750511,0,3.999008
2017-04-11,sz.002371,27.2000,28.1900,27.1200,28.1300,27.8700,5525690,152261645.0000,3.318407,1,0.932897,0,4.036315
2017-04-12,sz.002371,28.0300,28.2800,25.3200,27.9800,28.1300,3822772,106581163.0000,2.295734,1,-0.533237,0,4.014791
2017-04-13,sz.002371,27.8500,28.7800,27.6700,28.3100,27.9800,3945889,112080135.0000,2.369671,1,1.179414,0,4.062142
2017-04-14,sz.002371,28.3000,28.3500,27.2700,27.2700,28.3100,3060710,84558601.0000,1.838084,1,-3.673610,0,3.912915
2017-04-17,sz.002371,27.0000,27.4900,26.5000,26.9300,27.2700,2775644,74932682.0000,1.666890,1,-1.246792,0,3.864129
2017-04-18,sz.002371,27.0000,27.1500,26.0300,26.1600,26.9300,2900505,77216537.0000,1.741874,1,-2.859267,0,3.753643
2017-04-19,sz.002371,25.8000,26.3500,25.5200,26.3500,26.1600,3425568,88655140.0000,2.057196,1,0.726302,0,3.780906
2017-04-20,sz.002371,26.4300,26.5900,25.8500,26.1600,26.3500,2135368,56052377.0000,1.282377,1,-0.721065,0,3.753643
2017-04-21,sz.002371,26.3000,26.3800,24.2600,24.7700,26.1600,4772382,120077857.0000,2.866014,1,-5.313454,0,3.554195
2017-04-24,sz.002371,24.6400,24.6400,22.9800,23.1700,24.7700,6214925,145313629.0000,3.732321,1,-6.459428,0,3.322664
2017-04-25,sz.002371,23.2300,23.6500,23.0000,23.0600,23.1700,2805331,65536577.0000,1.684718,1,-0.474755,0,3.306889
2017-04-26,sz.002371,23.0900,23.5500,23.0900,23.4000,23.0600,2365969,55393622.0000,1.420863,1,1.474415,0,3.355647
2017-04-27,sz.002371,23.4100,24.8300,22.7800,24.5000,23.4000,5743192,137593945.0000,3.449026,1,4.700856,0,3.513391
2017-04-28,sz.002371,24.4400,25.5700,24.4000,25.0000,24.5000,4389792,109638316.0000,2.636253,1,2.040816,0,3.585093
2017-05-02,sz.002371,24.8800,25.2400,24.5600,24.9200,25.0000,2717214,67635037.0000,1.631800,1,-0.320000,0,3.573620
2017-05-03,sz.002371,24.8000,25.5700,24.8000,25.2600,24.9200,2863043,72037093.0000,1.719377,1,1.364367,0,3.622378
2017-05-04,sz.002371,25.2600,25.3900,24.5000,24.6500,25.2600,2574812,63882269.0000,1.546282,1,-2.414888,0,3.534901
2017-05-05,sz.002371,24.7000,24.8500,24.0600,24.1100,24.6500,2740704,66787229.0000,1.645907,1,-2.190665,0,3.457463
2017-05-08,sz.002371,24.4800,24.5000,23.5400,23.6000,24.1100,3149234,74999011.0000,1.891246,1,-2.115306,0,3.384327
2017-05-09,sz.002371,23.5000,24.9900,23.5000,24.7700,23.6000,4402341,107218387.0000,2.643789,1,4.957627,0,3.552110
2017-05-10,sz.002371,24.8300,24.9200,23.7000,23.7000,24.7700,4040602,98519867.0000,2.426550,1,-4.319740,0,3.398668
2017-05-11,sz.002371,23.6900,25.5000,23.0000,24.8800,23.7000,5130541,122410685.0000,3.081104,1,4.978896,0,3.567884
2017-05-12,sz.002371,24.6700,24.7900,24.1100,24.1700,24.8800,3747378,91362031.0000,2.250457,1,-2.853694,0,3.466067
2017-05-15,sz.002371,24.2100,24.3900,23.4000,23.4100,24.1700,3729976,88540843.0000,2.240006,1,-3.144395,0,3.357081
2017-05-16,sz.002371,23.2200,24.1500,23.0300,24.1000,23.4100,4041104,95854864.0000,2.426851,1,2.947461,0,3.456029
2017-05-17,sz.002371,24.1000,24.8000,24.0100,24.7100,24.1000,5276545,129609338.0000,3.168785,1,2.531115,0,3.543505
2017-05-18,sz.002371,24.5000,24.8800,24.3500,24.5400,24.7100,3273596,80503135.0000,1.965931,1,-0.687973,0,3.519127
2017-05-19,sz.002371,24.7500,24.9000,24.3200,24.4800,24.5400,2548505,62678362.0000,1.530483,1,-0.244504,0,3.510523
2017-05-22,sz.002371,24.5000,24.5000,23.2700,23.5000,24.4800,3034362,72399296.0000,1.822261,1,-4.003266,0,3.369987
2017-05-23,sz.002371,23.5000,23.5800,22.2000,22.3400,23.5000,4741508,108020350.0000,2.847473,1,-4.936170,0,3.203639
2017-05-24,sz.002371,22.3400,22.8500,21.6700,22.4200,22.3400,3321212,73702762.0000,1.994526,1,0.358102,0,3.215111
2017-05-25,sz.002371,22.4600,22.8700,21.8000,22.8100,22.4200,4068492,91177172.0000,2.443299,1,1.739516,0,3.271038
2017-05-26,sz.002371,22.7400,23.2000,22.5500,23.1000,22.8100,3789113,86501247.0000,2.275520,1,1.271376,0,3.312626
2017-05-31,sz.002371,23.3900,23.8000,23.0300,23.0400,23.1000,3262041,76331239.0000,1.958992,1,-0.259738,0,3.304021
2017-06-01,sz.002371,23.0100,23.1700,22.2800,22.6700,23.0400,2911668,66144176.0000,1.748578,1,-1.605906,0,3.250962
2017-06-02,sz.002371,22.7500,23.5000,22.2800,23.3200,22.6700,2785640,63946687.0000,1.672893,1,2.867224,0,3.344174
2017-06-05,sz.002371,23.3500,24.1500,23.3500,23.6000,23.3200,3094063,73609936.0000,1.858114,1,1.200689,0,3.384327
2017-06-06,sz.002371,23.4600,24.6500,23.3500,24.5300,23.6000,5656858,137582463.0000,3.397179,1,3.940679,0,3.517693
2017-06-07,sz.002371,24.5300,25.0000,24.3200,24.8200,24.5300,4266941,105310646.0000,2.562476,1,1.182222,0,3.559280
2017-06-08,sz.002371,24.7400,27.3000,24.4500,26.6500,24.8200,9494668,247821340.0000,5.701944,1,7.373086,0,3.821709
2017-06-09,sz.002371,26.0400,26.4900,25.6700,25.9000,26.6500,4594624,119481169.0000,2.759263,1,-2.814259,0,3.714156
2017-06-12,sz.002371,25.8100,26.2400,25.0000,25.0200,25.9000,3942195,100989786.0000,2.367452,1,-3.397680,0,3.587961
2017-06-13,sz.002371,25.0600,25.5400,24.7400,25.3000,25.0000,3009501,76044448.0000,1.807331,1,1.199997,0,3.628114
2017-06-14,sz.002371,25.3800,25.6500,25.1800,25.4300,25.3000,2340583,59532812.0000,1.405618,1,0.513838,0,3.646756
2017-06-15,sz.002371,25.4300,25.9800,25.4300,25.5000,25.4300,3825354,98015657.0000,2.297284,1,0.275264,0,3.656794
2017-06-16,sz.002371,25.5000,25.6700,25.1800,25.2300,25.5000,2420669,61503667.0000,1.453713,1,-1.058825,0,3.618075
2017-06-19,sz.002371,25.2400,25.5500,25.1500,25.2900,25.2300,1440812,36506877.0000,0.865268,1,0.237818,0,3.626680
2017-06-20,sz.002371,25.4100,25.7700,25.3300,25.5200,25.2900,2344091,59870265.0000,1.407724,1,0.909448,0,3.659662
2017-06-21,sz.002371,25.5600,25.7100,25.1600,25.3000,25.5200,1802239,45659928.0000,1.082320,1,-0.862074,0,3.628114
2017-06-22,sz.002371,25.2700,25.4400,24.0000,24.1700,25.3000,4011741,99296554.0000,2.409218,1,-4.466400,0,3.466067
2017-06-23,sz.002371,24.1600,24.1800,23.0000,23.7500,24.1700,3296474,77988982.0000,1.979670,1,-1.737692,0,3.405838
2017-06-26,sz.002371,23.7300,24.3500,23.6300,24.1900,23.7500,2611048,62939543.0000,1.568043,1,1.852634,0,3.468936
2017-06-27,sz.002371,24.2800,24.6400,23.8500,24.0300,24.1900,1742805,42188903.0000,1.046627,1,-0.661430,0,3.445991
2017-06-28,sz.002371,24.0300,24.1900,23.9000,23.9700,24.0300,1466187,35210622.0000,0.880506,1,-0.249694,0,3.437387
2017-06-29,sz.002371,24.1000,24.2700,23.9100,23.9600,23.9700,1901422,45808507.0000,1.141883,1,-0.041720,0,3.435953
2017-06-30,sz.002371,23.7000,23.9800,23.6500,23.9200,23.9600,3245662,77184838.0000,1.949155,1,-0.166941,0,3.430217
2017-07-03,sz.002371,23.9600,24.6700,23.8900,24.5600,23.9200,2833381,69019154.0000,1.701563,1,2.675583,0,3.521995
2017-07-04,sz.002371,24.5500,24.7900,24.0600,24.4500,24.5600,4048001,98593897.0000,2.430993,1,-0.447877,0,3.506221
2017-07-05,sz.002371,24.4500,24.4800,24.0300,24.4800,24.4500,2242308,54506878.0000,1.346599,1,0.122694,0,3.510523
2017-07-06,sz.002371,24.5000,24.8500,24.2200,24.8500,24.4800,3837633,94299608.0000,2.304658,1,1.511441,0,3.563582
2017-07-07,sz.002371,24.7300,25.4500,24.7000,25.4000,24.8500,4513792,113784331.0000,2.710720,1,2.213277,0,3.642454
2017-07-10,sz.002371,25.4000,25.6300,24.6500,24.8400,25.4000,3749470,94200509.0000,2.251713,1,-2.204722,0,3.562148
2017-07-11,sz.002371,24.8200,25.3800,24.6500,24.9400,24.8400,3442862,86171738.0000,2.067582,1,0.402578,0,3.576488
2017-07-12,sz.002371,24.7100,24.9300,23.7100,24.1800,24.9400,3777312,91518921.0000,2.268433,1,-3.047314,0,3.467502
2017-07-13,sz.002371,24.1100,24.2400,23.8600,23.9300,24.1800,2096013,50264581.0000,1.258743,1,-1.033912,0,3.431651
2017-07-14,sz.002371,23.9300,24.2000,23.5300,23.8400,23.9300,2269714,54145714.0000,1.363058,1,-0.376098,0,3.418744
2017-07-17,sz.002371,23.6700,23.8400,22.0000,22.4000,23.8400,4990568,114540522.0000,2.997044,1,-6.040271,0,3.212243
2017-07-18,sz.002371,22.4000,22.6900,21.8000,22.5100,22.4000,2586571,57585744.0000,1.553344,1,0.491074,0,3.228017
2017-07-19,sz.002371,22.5100,22.7700,22.1100,22.6100,22.5100,2607492,58776602.0000,1.565908,1,0.444249,0,3.242358
2017-07-20,sz.002371,22.5800,23.4400,22.4500,23.3700,22.6100,3584894,82839856.0000,2.152878,1,3.361346,0,3.351345
2017-07-21,sz.002371,23.2300,23.4900,22.6100,22.6700,23.3700,3188363,73215262.0000,1.914745,1,-2.995296,0,3.250962
2017-07-24,sz.002371,22.8000,23.3900,22.3200,23.2500,22.6700,4147156,94202481.0000,2.490540,1,2.558447,0,3.334136
2017-07-25,sz.002371,23.1400,23.8700,22.9600,23.2000,23.2500,3188217,74613437.0000,1.914657,1,-0.215051,0,3.326966
2017-07-26,sz.002371,23.0500,23.3500,22.2300,22.5100,23.2000,5150927,116301431.0000,3.093346,1,-2.974140,0,3.228017
2017-07-27,sz.002371,22.4000,23.2600,22.2500,23.0200,22.5100,4052195,92641729.0000,2.433512,1,2.265661,0,3.301153
2017-07-28,sz.002371,23.0200,23.4700,22.7100,22.9500,23.0200,2977017,68602120.0000,1.787823,1,-0.304082,0,3.291115
2017-07-31,sz.002371,23.0000,23.3800,22.9000,23.0600,22.9500,2327655,53974323.0000,1.397854,1,0.479297,0,3.306889
2017-08-01,sz.002371,23.1100,24.0000,22.9700,23.9600,23.0600,4941844,116261220.0000,2.967783,1,3.902860,0,3.435953
2017-08-02,sz.002371,23.8000,23.9400,23.3500,23.4000,23.9600,4026045,94970172.0000,2.417808,1,-2.337227,0,3.355647
2017-08-03,sz.002371,23.3200,23.7300,23.0600,23.0900,23.4000,2842303,66211990.0000,1.706921,1,-1.324784,0,3.311191
2017-08-04,sz.002371,22.9900,23.1400,22.5000,22.8000,23.0900,4190422,95589969.0000,2.516523,1,-1.255959,0,3.269604
2017-08-07,sz.002371,22.8000,23.2000,22.7300,22.8100,22.8000,2567716,58818544.0000,1.542020,1,0.043861,0,3.271038
2017-08-08,sz.002371,22.9600,23.0800,22.5200,22.7500,22.8100,1879801,42734949.0000,1.128899,1,-0.263040,0,3.262434
2017-08-09,sz.002371,22.8300,23.1700,22.6300,23.0900,22.7500,2608093,60049008.0000,1.566269,1,1.494506,0,3.311191
2017-08-10,sz.002371,23.1700,23.4800,22.8300,23.0700,23.0900,2965450,68722963.0000,1.780876,1,-0.086620,0,3.308323
2017-08-11,sz.002371,22.8500,23.0600,22.7600,22.8000,23.0700,2922883,66828278.0000,1.755313,1,-1.170353,0,3.269604
2017-08-14,sz.002371,22.7700,23.4700,22.7000,23.4700,22.8000,3325556,77109068.0000,1.997135,1,2.938597,0,3.365685
2017-08-15,sz.002371,23.4700,23.5800,23.3200,23.5000,23.4700,1976879,46386053.0000,1.187198,1,0.127826,0,3.369987
2017-08-16,sz.002371,23.5600,24.1900,23.5200,23.9600,23.5000,4527877,108420052.0000,2.719179,1,1.957443,0,3.435953
2017-08-17,sz.002371,23.8500,24.3600,23.8100,24.1200,23.9600,3906857,94245217.0000,2.346230,1,0.667787,0,3.458897
2017-08-18,sz.002371,23.9600,24.3500,23.6000,23.6200,24.1200,2729376,65192084.0000,1.639104,1,-2.072968,0,3.387195
2017-08-21,sz.002371,23.6800,23.9900,23.0000,23.6200,23.6200,2262235,53583872.0000,1.358181,1,0.000000,0,3.387195
2017-08-22,sz.002371,23.5900,23.7600,23.3500,23.3600,23.6200,2069718,48690123.0000,1.242599,1,-1.100763,0,3.349910
2017-08-23,sz.002371,23.4100,23.6700,23.2000,23.5100,23.3600,1976665,46347587.0000,0.564507,1,0.642122,0,3.371421
2017-08-24,sz.002371,23.0600,23.4900,23.0600,23.1100,23.5100,1815189,42188538.0000,0.518392,1,-1.701402,0,3.272257
2017-08-25,sz.002371,23.2800,23.6700,23.1600,23.5500,23.1100,1995074,46891359.0000,0.569764,1,1.903932,0,3.334559
2017-08-28,sz.002371,23.4500,24.1700,23.4500,23.9400,23.5500,3602831,86364538.0000,1.028916,1,1.656057,0,3.389781
2017-08-29,sz.002371,23.9600,24.3300,23.8000,24.0700,23.9400,3476209,83705240.0000,0.992755,1,0.543021,0,3.408188
2017-08-30,sz.002371,24.0700,24.6700,23.9400,24.2700,24.0700,3710713,90504726.0000,1.059726,1,0.830913,0,3.436507
2017-08-31,sz.002371,24.2700,25.2800,24.1900,25.1200,24.2700,5751916,142888179.0000,1.642663,1,3.502268,0,3.556863
2017-09-01,sz.002371,25.1300,25.5000,24.8300,25.3300,25.1200,4847497,122338205.0000,1.384374,1,0.835984,0,3.586598
2017-09-04,sz.002371,25.3200,27.6400,25.1200,27.0500,25.3300,13981871,374547952.0000,3.993018,1,6.790365,0,3.830141
2017-09-05,sz.002371,26.8800,27.4900,26.5300,26.6000,27.0500,7471427,201293026.0000,2.133731,1,-1.663582,0,3.766423
2017-09-06,sz.002371,26.6900,27.3700,26.5000,26.9000,26.6000,5774303,155449634.0000,1.649057,1,1.127817,0,3.808902
2017-09-07,sz.002371,26.9000,28.4000,26.7500,27.1500,26.9000,10496554,290992928.0000,2.997663,1,0.929368,0,3.844301
2017-09-08,sz.002371,27.0200,27.3000,26.5200,26.7500,27.1500,5666400,151721730.0000,1.618241,1,-1.473295,0,3.787663
2017-09-11,sz.002371,26.6800,28.0800,26.6800,27.9000,26.7500,7065480,194789580.0000,2.017798,1,4.299064,0,3.950497
2017-09-12,sz.002371,28.1000,28.1000,27.4000,27.8800,27.9000,6906048,191873370.0700,1.972267,1,-0.071686,0,3.947665
2017-09-13,sz.002371,27.8800,28.2000,27.4500,27.8500,27.8800,5009556,139722301.0600,1.430656,1,-0.107600,0,3.943417
2017-09-14,sz.002371,27.8600,29.5000,27.8600,28.9800,27.8500,10272100,297678680.4700,2.933562,1,4.057447,0,4.103419
2017-09-15,sz.002371,29.2300,29.6000,28.2200,28.5500,28.9800,7132177,205412487.8200,2.036846,1,-1.483783,0,4.042533
2017-09-18,sz.002371,28.7800,29.2800,28.2600,28.9900,28.5500,5722352,165169424.6400,1.634220,1,1.541158,0,4.104835
2017-09-19,sz.002371,29.5500,30.5000,28.8000,29.2500,28.9900,12582276,374351332.5500,3.593315,1,0.896862,0,4.141650
2017-09-20,sz.002371,29.1000,31.3600,28.7600,30.7600,29.2500,13719536,414919793.9700,3.918099,1,5.162394,0,4.355458
2017-09-21,sz.002371,30.2300,31.5000,29.6600,29.7300,30.7600,10503452,320772859.6600,2.999633,1,-3.348507,0,4.209615
2017-09-22,sz.002371,29.6000,29.6000,28.3100,28.4900,29.7300,8710185,250976594.5600,2.487502,1,-4.170870,0,4.034038
2017-09-25,sz.002371,28.7000,29.2500,28.1500,28.5000,28.4900,6460440,185450669.5900,1.845007,1,0.035101,0,4.035454
2017-09-26,sz.002371,28.4400,28.9200,28.1000,28.5100,28.5000,4658053,132820523.2800,1.330272,1,0.035089,0,4.036870
2017-09-27,sz.002371,28.5100,29.0800,28.2000,28.9400,28.5100,4755361,136745359.8800,1.358062,1,1.508244,0,4.097755
2017-09-28,sz.002371,28.9100,29.8500,28.8400,29.6300,28.9400,8031967,237093991.0400,2.293813,1,2.384238,0,4.195456
2017-09-29,sz.002371,29.6600,30.1700,29.4200,29.8300,29.6300,6410315,191518155.0700,1.830692,1,0.674994,0,4.223775
2017-10-09,sz.002371,30.0100,31.0800,29.9500,29.9900,29.8300,7684770,234817669.5400,2.194658,1,0.536372,0,4.246430
2017-10-10,sz.002371,29.9600,30.1700,28.8000,29.6200,29.9900,5683699,167242254.0600,1.623182,1,-1.233741,0,4.194040
2017-10-11,sz.002371,29.3200,29.5900,28.1000,28.3200,29.6200,7384187,211792754.2400,2.108816,1,-4.388930,0,4.009967
2017-10-12,sz.002371,28.2500,29.2700,28.1500,29.1000,28.3200,6305096,181812807.6100,1.800643,1,2.754240,0,4.120411
2017-10-13,sz.002371,29.1500,30.2000,29.1000,29.9900,29.1000,6238531,186137282.8300,1.781633,1,3.058417,0,4.246430
2017-10-16,sz.002371,30.0500,30.1800,28.7500,28.9600,29.9900,4234440,124286118.8700,1.209294,1,-3.434480,0,4.100587
2017-10-17,sz.002371,28.9600,30.5800,28.6600,30.1600,28.9600,5860712,175341087.1200,1.673734,1,4.143649,0,4.270501
2017-10-18,sz.002371,30.2600,30.6600,29.6100,29.9800,30.1600,5707501,171758074.8000,1.629979,1,-0.596818,0,4.245014
2017-10-19,sz.002371,29.9000,29.9300,29.0100,29.1600,29.9800,3806949,111785074.7200,1.087209,1,-2.735156,0,4.128906
2017-10-20,sz.002371,29.2000,30.1500,29.2000,30.0700,29.1600,3736191,111051765.2400,1.067002,1,3.120713,0,4.257758
2017-10-23,sz.002371,30.5000,31.0500,30.0000,30.7800,30.0700,6815237,207973535.1700,1.946332,1,2.361161,0,4.358290
2017-10-24,sz.002371,30.8000,30.9800,29.9800,30.2400,30.7800,4972106,151556880.4900,1.419961,1,-1.754389,0,4.281829
2017-10-25,sz.002371,30.4400,31.6000,30.0200,31.0500,30.2400,9234977,286989281.9900,2.637375,1,2.678570,0,4.396521
2017-10-26,sz.002371,30.8600,32.6200,30.7500,32.3000,31.0500,8600397,274564715.3900,2.456148,1,4.025765,0,4.573514
2017-10-27,sz.002371,32.1800,32.5000,31.6400,32.0600,32.3000,5809013,185919331.6000,1.658969,1,-0.743027,0,4.539531
2017-10-30,sz.002371,32.0000,33.3000,30.8100,32.5500,32.0600,10399970,338040563.8100,2.970080,1,1.528378,0,4.570102
2017-10-31,sz.002371,32.3000,33.5500,32.0700,33.1100,32.5500,7380945,242139329.3200,2.107890,1,1.720434,0,4.648727
2017-11-01,sz.002371,33.0000,36.1900,32.8000,35.4700,33.1100,15660959,547910067.2200,4.472542,1,7.127758,0,4.980077
2017-11-02,sz.002371,35.7200,37.3600,35.1200,36.2000,35.4700,16584534,605858587.6700,4.736301,1,2.058076,0,5.082571
2017-11-03,sz.002371,35.9600,39.1900,35.6900,38.3400,36.2000,17819365,668734592.9900,5.088951,1,5.911600,0,5.383032
2017-11-06,sz.002371,39.0500,41.0200,37.6700,38.5000,38.3400,29235095,1141731421.8800,8.349117,1,0.417318,0,5.405497
2017-11-07,sz.002371,38.3700,40.0800,38.1000,39.9400,38.5000,20713356,812116360.7500,5.915432,1,3.740256,0,5.607676
2017-11-08,sz.002371,39.6000,40.1800,38.8000,38.9000,39.9400,17341259,683835636.8900,4.952411,1,-2.603899,0,5.461658
2017-11-09,sz.002371,38.8000,40.4800,38.4700,39.5500,38.9000,18024339,715450159.2100,5.147488,1,1.670945,0,5.552919
2017-11-10,sz.002371,39.6000,42.9900,39.6000,42.0500,39.5500,22897481,949928056.4500,6.539187,1,6.321113,0,5.903926
2017-11-13,sz.002371,42.0000,46.2600,41.8300,46.2600,42.0500,24995380,1121305210.8400,7.138316,1,10.011890,0,6.495020
2017-11-14,sz.002371,46.9400,47.9400,44.2800,45.0500,46.2600,30033378,1385061052.7600,8.577095,1,-2.615649,0,6.325133
2017-11-15,sz.002371,44.0100,45.9100,43.4300,45.1000,45.0500,24399575,1088095891.1900,6.968163,1,0.110986,0,6.332153
2017-11-16,sz.002371,44.8100,44.9800,41.6000,43.5000,45.1000,26174250,1123788138.4100,7.474984,1,-3.547668,0,6.107509
2017-11-17,sz.002371,43.0000,43.3500,39.4000,40.0000,43.5000,23978729,1006667665.9600,6.847975,1,-8.045978,0,5.616101
2017-11-20,sz.002371,39.3100,42.8300,39.3100,42.6500,40.0000,23562996,970334618.9600,6.729248,1,6.625004,0,5.988167
2017-11-21,sz.002371,42.6000,42.9000,40.5000,41.9100,42.6500,21722419,902350801.1500,6.203606,1,-1.735057,0,5.884269
2017-11-22,sz.002371,41.5000,44.6200,41.5000,43.0700,41.9100,25006927,1084107856.5000,7.141614,1,2.767836,0,6.047136
2017-11-23,sz.002371,43.0000,44.5000,41.4200,42.9200,43.0700,24524134,1056793979.0600,7.003735,1,-0.348274,0,6.026076
2017-11-24,sz.002371,42.2000,42.5000,38.6300,38.6300,42.9200,16931104,691943724.5300,4.835276,1,-9.995334,0,5.423749
2017-11-27,sz.002371,37.5500,38.8800,34.8900,35.5000,38.6300,20990443,775009195.3900,5.994564,1,-8.102514,0,4.984289
2017-11-28,sz.002371,35.4000,37.3900,35.4000,37.1400,35.5000,13998599,510225016.6700,3.997796,1,4.619717,0,5.214549
2017-11-29,sz.002371,36.7200,36.9600,34.3600,36.0000,37.1400,12671138,455112132.3900,3.618692,1,-3.069465,0,5.054491
2017-11-30,sz.002371,35.9600,37.1600,35.6700,35.8600,36.0000,11108727,403519752.0600,3.172490,1,-0.388887,0,5.034834
2017-12-01,sz.002371,36.0000,37.9300,36.0000,36.8800,35.8600,13586755,502967741.0700,3.880179,1,2.844396,0,5.178045
2017-12-04,sz.002371,36.7800,37.6700,35.0000,37.2000,36.8800,11900659,436821791.7100,3.398655,1,0.867678,0,5.222974
2017-12-05,sz.002371,36.7800,37.2800,34.4000,35.1600,37.2000,13709473,489526912.7200,3.915226,1,-5.483873,0,4.936552
2017-12-06,sz.002371,34.8900,37.4000,34.8400,37.3000,35.1600,13377095,484619064.9500,3.820303,1,6.086460,0,5.237014
2017-12-07,sz.002371,37.1100,39.8700,37.1100,38.8000,37.3000,19274187,742686298.7200,5.504427,1,4.021448,0,5.447618
2017-12-08,sz.002371,38.5500,40.0000,38.1000,38.6800,38.8000,16338339,638701473.0900,4.665991,1,-0.309276,0,5.430769
2017-12-11,sz.002371,38.2000,39.3400,38.1800,39.2600,38.6800,10734694,417009049.9100,3.065672,1,1.499478,0,5.512203
2017-12-12,sz.002371,39.2000,42.1800,38.7300,39.9900,39.2600,18179772,742705618.2400,5.191878,1,1.859408,0,5.614697
2017-12-13,sz.002371,39.9900,41.4400,39.3900,41.2800,39.9900,12816863,521468481.1700,3.660309,1,3.225799,0,5.795816
2017-12-14,sz.002371,41.1400,41.7800,40.2200,41.1200,41.2800,11220548,459695461.2400,3.204425,1,-0.387597,0,5.773351
2017-12-15,sz.002371,40.9800,41.7700,39.0200,39.8000,41.1200,13069867,526401207.6000,3.732563,1,-3.210116,0,5.588020
2017-12-18,sz.002371,39.5900,39.7900,36.1000,37.2300,39.8000,13727016,515810618.7600,3.920236,1,-6.457285,0,5.227186
2017-12-19,sz.002371,37.1100,37.8500,37.1100,37.4500,37.2300,7676383,287452275.0100,2.192263,1,0.590925,0,5.258074
2017-12-20,sz.002371,37.0700,38.2000,36.6000,37.4000,37.4500,9616253,360359392.3400,2.746262,1,-0.133509,0,5.251054
2017-12-21,sz.002371,37.0700,39.3200,36.7800,38.9700,37.4000,11497343,439215594.7500,3.283474,1,4.197860,0,5.471486
2017-12-22,sz.002371,38.9000,40.8800,38.7000,40.1500,38.9700,12608492,503110858.1600,3.600801,1,3.027971,0,5.637161
2017-12-25,sz.002371,39.8800,40.4900,39.3800,39.6000,40.1500,10922945,436300746.7100,3.119434,1,-1.369871,0,5.559940
2017-12-26,sz.002371,39.6500,40.3800,38.0000,40.2000,39.6000,11379342,446747541.4700,3.249774,1,1.515157,0,5.644181
2017-12-27,sz.002371,40.2000,41.4000,39.0000,39.1100,40.2000,11448414,461031124.7700,3.269500,1,-2.711443,0,5.491142
2017-12-28,sz.002371,38.5400,40.2000,38.0500,39.0600,39.1100,9146284,360397189.6100,2.612045,1,-0.127843,0,5.484122
2017-12-29,sz.002371,38.7100,41.6800,38.6700,41.4400,39.0600,16711926,678651961.8400,4.772682,1,6.093183,0,5.818280
2018-01-02,sz.002371,41.9100,42.0800,40.7800,41.9300,41.4400,12488829,518340183.6000,3.566627,1,1.182436,0,5.887077
2018-01-03,sz.002371,41.7000,42.5500,41.1500,41.9700,41.9300,12382646,518222876.8400,3.536303,1,0.095399,0,5.892694
2018-01-04,sz.002371,41.6000,42.9000,41.6000,42.0800,41.9700,13777509,582362745.2100,3.934656,1,0.262093,0,5.908138
2018-01-05,sz.002371,41.9000,41.9500,39.5800,40.0500,42.0800,16408721,664052453.7700,4.686091,1,-4.824151,0,5.623121
2018-01-08,sz.002371,39.5100,39.5100,37.9800,38.7600,40.0500,13134128,505752557.3700,3.750915,1,-3.220976,0,5.442001
2018-01-09,sz.002371,38.7700,38.9300,37.8900,38.4600,38.7600,7539594,288736507.2000,2.153198,1,-0.773992,0,5.399881
2018-01-10,sz.002371,38.6000,39.0900,36.1000,36.9000,38.4600,12960966,485547919.8500,3.701463,1,-4.056156,0,5.180853
2018-01-11,sz.002371,36.5800,37.5600,36.1300,37.2200,36.9000,8347490,308696088.2400,2.383921,1,0.867208,0,5.225782
2018-01-12,sz.002371,37.2900,37.5800,35.5500,35.6200,37.2200,9277661,336825524.6800,2.649565,1,-4.298770,0,5.001138
2018-01-15,sz.002371,35.2200,35.5900,32.4100,33.0900,35.6200,14891971,503813162.8600,4.252930,1,-7.102748,0,4.645919
2018-01-16,sz.002371,33.3000,33.4600,32.3000,32.9100,33.0900,9248018,304105330.7800,2.641099,1,-0.543972,0,4.620647
2018-01-17,sz.002371,32.8800,34.6500,31.9000,34.0000,32.9100,14448853,484201427.2000,4.126382,1,3.312064,0,4.773685
2018-01-18,sz.002371,33.5700,34.9400,33.0000,34.7700,34.0000,14441589,491407501.7100,4.124307,1,2.264707,0,4.881795
2018-01-19,sz.002371,34.0000,34.7500,33.3800,33.4000,34.7700,11108382,377580225.1100,3.172392,1,-3.940175,0,4.689444
2018-01-22,sz.002371,33.4200,34.7400,32.0600,34.0800,33.4000,12844431,432519368.2400,3.668182,1,2.035929,0,4.784918
2018-01-23,sz.002371,33.7800,34.6400,33.6200,33.8900,34.0800,6773944,229875026.3600,1.934540,1,-0.557519,0,4.758241
2018-01-24,sz.002371,33.7700,35.7700,33.3300,35.4300,33.8900,14749573,516061591.6200,4.212263,1,4.544116,0,4.974461
2018-01-25,sz.002371,35.1500,35.8700,34.6000,34.6100,35.4300,8833734,311290398.7400,2.522786,1,-2.314422,0,4.859331
2018-01-26,sz.002371,34.6100,35.1300,34.1800,34.3300,34.6100,5712887,197276623.1800,1.631517,1,-0.809011,0,4.820018
2018-01-29,sz.002371,34.3500,34.8400,31.0300,31.1500,34.3300,13682477,443841539.0500,3.907516,1,-9.263041,0,4.373538
2018-01-30,sz.002371,31.1000,31.8500,30.8500,31.1800,31.1500,6912107,216738898.7300,1.973997,1,0.096310,0,4.377750
2018-01-31,sz.002371,30.9000,31.5400,30.1500,30.7700,31.1800,6579636,203785259.1200,1.879048,1,-1.314945,0,4.320185
2018-02-01,sz.002371,30.9300,31.6500,30.2000,30.6200,30.7700,6858939,212573384.6700,1.958813,1,-0.487486,0,4.299125
2018-02-02,sz.002371,30.7100,30.7100,28.9000,29.7800,30.6200,7344496,219620177.2500,2.097481,1,-2.743305,0,4.181187
2018-02-05,sz.002371,29.2500,30.4600,28.8800,29.9100,29.7800,6034300,179043426.9400,1.723308,1,0.436532,0,4.199439
2018-02-06,sz.002371,29.0200,29.6100,26.9200,26.9200,29.9100,12199869,339925063.7700,3.484105,1,-9.996655,0,3.779636
2018-02-07,sz.002371,27.5000,27.6000,24.6300,26.1500,26.9200,14925748,389904946.9700,4.262576,1,-2.860329,0,3.671526
2018-02-08,sz.002371,25.8900,27.6000,25.8400,27.1000,26.1500,12673278,340816186.7400,3.619303,1,3.632890,0,3.804908
2018-02-09,sz.002371,26.1900,28.2000,26.1100,27.0900,27.1000,12694078,347022226.8600,3.625244,1,-0.036901,0,3.803504
2018-02-12,sz.002371,27.4600,29.1500,27.4600,28.3500,27.0900,12353438,351101199.2800,3.527962,1,4.651164,0,3.980411
2018-02-13,sz.002371,28.7000,29.2600,28.3000,28.4900,28.3500,8967149,258294571.2800,2.560887,1,0.493825,0,4.000068
2018-02-14,sz.002371,28.7900,28.8900,27.8400,28.0900,28.4900,4534230,128130329.3200,1.294910,1,-1.404000,0,3.943907
2018-02-22,sz.002371,28.3800,30.1900,28.2200,29.7900,28.0900,7301180,215941457.2600,2.085111,1,6.051979,0,4.182591
2018-02-23,sz.002371,29.8000,29.9500,28.9000,29.4500,29.7900,6329449,185750109.5400,1.807598,1,-1.141323,0,4.134854
2018-02-26,sz.002371,29.6800,32.4000,29.4600,32.4000,29.4500,16164444,510060606.5000,4.616330,1,10.016980,0,4.549041
2018-02-27,sz.002371,32.5000,34.1900,32.3200,32.7500,32.4000,20802330,694528874.8000,5.940842,1,1.080242,0,4.598182
2018-02-28,sz.002371,32.7800,35.1500,32.7100,33.6800,32.7500,16879481,573711509.1700,4.820534,1,2.839696,0,4.728757
2018-03-01,sz.002371,33.2500,36.0100,33.1500,35.6500,33.6800,16468772,569832546.4600,4.703241,1,5.849172,0,5.005350
2018-03-02,sz.002371,35.0000,36.4800,34.7000,35.8000,35.6500,16553613,591006029.2100,4.727471,1,0.420751,0,5.026410
2018-03-05,sz.002371,35.6000,36.7500,34.7400,36.5400,35.8000,14273398,512373284.3300,4.076274,1,2.067044,0,5.130308
2018-03-06,sz.002371,37.0000,38.8800,36.7000,37.2500,36.5400,19935696,750489214.2200,5.693344,1,1.943074,0,5.229994
2018-03-07,sz.002371,36.9500,38.2900,36.6000,37.6000,37.2500,12304662,463542978.4600,3.514032,1,0.939593,0,5.279135
2018-03-08,sz.002371,37.5200,37.7200,36.3300,36.8300,37.6000,9413897,347102417.0300,2.688472,1,-2.047863,0,5.171025
2018-03-09,sz.002371,36.8800,38.1100,36.7000,37.6200,36.8300,11028668,414099459.8000,3.149627,1,2.144983,0,5.281943
2018-03-12,sz.002371,38.0000,39.8600,37.7700,39.8500,37.6200,15135493,585469240.9300,4.322476,1,5.927697,0,5.595040
2018-03-13,sz.002371,39.4000,39.9800,38.5000,38.8800,39.8500,11301702,441697616.7700,3.227601,1,-2.434122,0,5.458850
2018-03-14,sz.002371,38.3200,38.8100,36.3100,36.9500,38.8800,12967989,488599105.0600,3.703469,1,-4.963993,0,5.187873
2018-03-15,sz.002371,36.5900,37.7600,36.0300,37.6000,36.9500,12268769,454116655.5900,3.503782,1,1.759128,0,5.279135
2018-03-16,sz.002371,37.1000,37.6600,36.0400,36.0800,37.6000,10198796,374093759.9200,2.912627,1,-4.042544,0,5.065723
2018-03-19,sz.002371,36.2000,38.1800,36.1900,37.0600,36.0800,13003093,485406069.0700,3.620673,1,2.716185,0,5.203317
2018-03-20,sz.002371,37.1900,38.4900,37.1500,37.8600,37.0600,11742474,443420702.4900,3.269657,1,2.158659,0,5.315639
2018-03-21,sz.002371,37.8200,38.4000,36.4000,36.5000,37.8600,11838998,445883084.6800,3.296534,1,-3.592183,0,5.124692
2018-03-22,sz.002371,36.8600,37.9500,36.5000,36.9900,36.5000,12752415,474580675.8100,3.550872,1,1.342470,0,5.193489
2018-03-23,sz.002371,35.0600,36.4900,33.9500,34.7500,36.9900,13498326,477695330.3400,3.758569,1,-6.055695,0,4.878987
2018-03-26,sz.002371,34.7500,38.2300,34.7500,38.2300,34.7500,19999350,754257133.4300,5.569308,1,10.014390,0,5.367588
2018-03-27,sz.002371,39.5000,41.8800,38.2500,41.4400,38.2300,28782573,1138432578.3300,8.015212,1,8.396545,0,5.818280
2018-03-28,sz.002371,40.6000,41.8900,40.1800,40.6000,41.4400,18823834,769201025.2100,5.241957,1,-2.027028,0,5.700342
2018-03-29,sz.002371,40.8200,42.4800,40.1000,41.7000,40.6000,15667544,645884446.0200,4.363011,1,2.709365,0,5.854785
2018-03-30,sz.002371,42.2000,45.8700,41.8300,45.8700,41.7000,23751775,1038255380.4900,6.614263,1,9.999995,0,6.440263
2018-04-02,sz.002371,46.7500,47.9400,44.5600,44.7400,45.8700,27519189,1264568989.8000,7.663392,1,-2.463478,0,6.281609
2018-04-03,sz.002371,43.9900,44.6600,43.0700,44.5200,44.7400,15585737,683454551.6000,4.340230,1,-0.491733,0,6.250720
2018-04-04,sz.002371,44.9300,46.4900,43.8000,44.5000,44.5200,16222403,728461042.7500,4.517525,1,-0.044925,0,6.247912
2018-04-09,sz.002371,44.3000,46.3200,42.5000,45.4800,44.5000,14928736,670413157.2400,4.157272,1,2.202246,0,6.385506
2018-04-10,sz.002371,45.1300,45.5400,41.7600,43.9100,45.4800,14024878,615168752.3800,3.905570,1,-3.452066,0,6.165074
2018-04-11,sz.002371,44.0700,45.5500,43.0900,43.9000,43.9100,11943388,529164344.2100,3.325929,1,-0.022770,0,6.163670
2018-04-12,sz.002371,43.7800,44.5800,41.8200,42.2000,43.9000,12381510,533174467.6100,3.447934,1,-3.872439,0,5.843296
2018-04-13,sz.002371,42.9800,45.1000,42.5300,44.3200,42.2000,16281992,712334086.7100,4.534119,1,5.023694,0,6.136845
2018-04-16,sz.002371,43.9700,47.2600,43.6700,45.7800,44.3200,18162290,831130149.1500,5.057734,1,3.294222,0,6.339007
2018-04-17,sz.002371,46.6200,49.9900,45.0100,46.9400,45.7800,25170842,1197878587.4900,7.009437,1,2.533857,0,6.499628
2018-04-18,sz.002371,48.1000,51.6300,48.1000,51.6300,46.9400,24547559,1221517658.3500,6.835868,1,9.991484,0,7.149037
2018-04-19,sz.002371,53.0100,56.5000,52.2500,52.7400,51.6300,35295458,1916032642.6400,9.828884,1,2.149914,0,7.302735
2018-04-20,sz.002371,52.4100,54.9600,51.7900,52.0200,52.7400,30209432,1615246356.8600,8.412555,1,-1.365190,0,7.203039
2018-04-23,sz.002371,51.3000,51.6000,47.2900,48.5500,52.0200,28531513,1409247412.3000,7.945298,1,-6.670514,0,6.722560
2018-04-24,sz.002371,48.6000,51.5000,47.5000,50.4000,48.5500,22901078,1140476694.7300,6.377366,1,3.810509,0,6.978723
2018-04-25,sz.002371,49.5000,52.8400,49.4900,50.5800,50.4000,21657023,1105663106.7000,6.030928,1,0.357143,0,7.003647
2018-04-26,sz.002371,51.4600,53.7700,50.7400,52.2900,50.5800,22911790,1202516436.8700,6.380349,1,3.380781,0,7.240425
2018-04-27,sz.002371,53.5100,53.9900,47.3500,49.3200,52.2900,22904893,1141307362.6700,6.378428,1,-5.679864,0,6.829179
2018-05-02,sz.002371,49.7200,50.2300,47.4000,48.6300,49.3200,15327418,748027657.1400,4.268295,1,-1.399024,0,6.708424
2018-05-03,sz.002371,48.5000,51.7900,45.9700,51.1500,48.6300,21786932,1057759940.2700,6.067104,1,5.181987,0,7.056054
2018-05-04,sz.002371,50.0000,52.9000,49.7700,50.8300,51.1500,17466304,897171163.1000,4.863920,1,-0.625610,0,7.011910
2018-05-07,sz.002371,51.4000,51.7700,50.3800,51.7000,50.8300,14257824,728338154.5600,3.970440,1,1.711586,0,7.131925
2018-05-08,sz.002371,51.7000,52.7900,50.5000,51.0400,51.7000,13965298,718105789.7400,3.888979,1,-1.276595,0,7.040880
2018-05-09,sz.002371,50.5700,52.7700,50.3100,52.2300,51.0400,15297483,793722322.4800,4.259958,1,2.331502,0,7.205038
2018-05-10,sz.002371,51.8000,52.1600,49.2200,49.5000,52.2300,17541413,882951446.3700,4.884836,1,-5.226880,0,6.828439
2018-05-11,sz.002371,49.5000,49.7500,47.7900,47.7900,49.5000,16008281,777634434.6700,4.457898,1,-3.454544,0,6.592548
2018-05-14,sz.002371,46.3000,48.2100,45.7500,46.5600,47.7900,14575766,683094067.3100,4.058979,1,-2.573759,0,6.422871
2018-05-15,sz.002371,46.5800,47.9700,45.9500,47.8500,46.5600,15119683,712367948.3100,4.210446,1,2.770612,0,6.600825
2018-05-16,sz.002371,47.2000,48.4400,46.8800,47.0200,47.8500,11130272,529145767.3600,3.099497,1,-1.734583,0,6.486328
2018-05-17,sz.002371,47.1700,48.6000,46.8000,48.3000,47.0200,12326010,592487785.1000,3.432479,1,2.722243,0,6.662901
2018-05-18,sz.002371,48.2900,48.3000,45.7700,46.8500,48.3000,13313005,623093094.3700,3.707332,1,-3.002072,0,6.462876
2018-05-21,sz.002371,46.8500,49.3200,46.4000,48.5900,46.8500,15301810,739748066.9100,4.261163,1,3.713984,0,6.702906
2018-05-22,sz.002371,48.6000,49.9900,48.0000,49.7700,48.5900,14287140,700262405.5300,3.978604,1,2.428484,0,6.865685
2018-05-23,sz.002371,50.0000,51.7000,49.0300,50.3000,49.7700,18971452,957483891.1000,5.283065,1,1.064896,0,6.938798
2018-05-24,sz.002371,50.0000,50.4500,49.0500,49.3000,50.3000,9626898,477997683.2800,2.680845,1,-1.988072,0,6.800850
2018-05-25,sz.002371,48.8800,49.0000,46.5000,46.7800,49.3000,11356676,539488058.3300,3.162544,1,-5.111563,0,6.453220
2018-05-28,sz.002371,47.0000,47.5700,45.4000,46.1400,46.7800,10074883,468254952.5900,2.805598,1,-1.368105,0,6.364933
2018-05-29,sz.002371,46.2500,47.0100,44.8100,45.7300,46.1400,10629641,488034242.9400,2.960084,1,-0.888600,0,6.308374
2018-05-30,sz.002371,45.5000,47.6000,45.0000,45.4800,45.7300,13808146,642403625.4500,3.845216,1,-0.546687,0,6.273887
2018-05-31,sz.002371,46.0000,46.0000,42.4200,43.7700,45.4800,17248543,758811076.5800,4.803279,1,-3.759893,0,6.037996
2018-06-01,sz.002371,43.3000,44.0000,40.8300,41.3800,43.7700,14332779,605634495.6500,3.991313,1,-5.460360,0,5.708299
2018-06-04,sz.002371,41.1800,42.9600,40.4300,41.5500,41.3800,14042904,586448721.1000,3.910590,1,0.410822,0,5.731751
2018-06-05,sz.002371,41.0000,44.4900,41.0000,44.0000,41.5500,14541660,623862832.3200,4.049481,1,5.896512,0,6.069724
2018-06-06,sz.002371,43.5300,44.6600,43.3800,43.9500,44.0000,9685803,425991654.2400,2.697249,1,-0.113635,0,6.062826
2018-06-07,sz.002371,44.3000,44.4400,42.8000,43.4400,43.9500,7363878,321494856.1300,2.050652,1,-1.160414,0,5.992473
2018-06-08,sz.002371,43.0700,43.7800,41.7000,43.4900,43.4400,9002744,385898500.0300,2.507034,1,0.115108,0,5.999370
2018-06-11,sz.002371,43.1000,44.5500,42.6400,43.1100,43.4900,7681899,333341323.7200,2.139213,1,-0.873767,0,5.946950
2018-06-12,sz.002371,42.9700,43.9900,41.7800,43.9200,43.1100,9246561,399990735.6900,2.574931,1,1.878909,0,6.058688
2018-06-13,sz.002371,43.9400,46.5000,43.4000,44.9700,43.9200,17132662,776217279.4000,4.771009,1,2.390717,0,6.203534
2018-06-14,sz.002371,44.6700,48.3100,44.3000,47.0700,44.9700,19566060,910172262.1200,5.448648,1,4.669776,0,6.493225
2018-06-15,sz.002371,47.0000,48.5000,46.3000,47.2100,47.0700,19110089,906688159.4800,5.321672,1,0.297428,0,6.512538
2018-06-19,sz.002371,46.5000,48.5500,43.1600,47.3600,47.2100,22722723,1060973273.3500,6.327698,1,0.317732,0,6.533230
2018-06-20,sz.002371,46.4400,48.4800,44.8200,48.0000,47.3600,21238699,998899405.9300,5.914435,1,1.351350,0,6.621517
2018-06-21,sz.002371,47.4400,47.9300,44.2200,44.3400,48.0000,21438396,989103573.9200,5.970046,1,-7.625000,0,6.116626
2018-06-22,sz.002371,42.8300,43.8300,40.4600,42.0000,44.3400,18193085,771148555.2500,5.066310,1,-5.277402,0,5.793827
2018-06-25,sz.002371,42.3800,42.8700,41.0600,41.1500,42.0000,10814932,454555004.0700,3.011682,1,-2.023806,0,5.676571
2018-06-26,sz.002371,40.2900,44.3400,39.8400,43.4800,41.1500,18193916,776292590.1500,5.066541,1,5.662207,0,5.997991
2018-06-27,sz.002371,43.7800,46.4400,43.5000,45.2900,43.4800,21729669,980059238.5400,6.051158,1,4.162837,0,6.247677
2018-06-28,sz.002371,44.8500,46.1700,44.8300,45.1500,45.2900,14858517,674890783.1500,4.137718,1,-0.309118,0,6.228364
2018-06-29,sz.002371,45.4100,49.6700,45.0300,49.6700,45.1500,24108380,1148943858.7200,6.713568,1,10.011070,0,6.851890
2018-07-02,sz.002371,50.5000,50.8900,49.1400,49.7700,49.6700,22904021,1144338047.9300,6.378185,1,0.201333,0,6.865685
2018-07-03,sz.002371,49.7700,54.7100,49.2600,53.0000,49.7400,32740165,1705628519.3300,9.117300,1,6.554078,0,7.311258
2018-07-04,sz.002371,52.1500,52.7000,50.2000,51.5000,53.0000,23546255,1216816979.3100,6.557031,1,-2.830189,0,7.104336
2018-07-05,sz.002371,51.1100,52.9100,49.5000,50.4900,51.5000,19753873,1015708560.6700,5.500949,1,-1.961162,0,6.965008
2018-07-06,sz.002371,51.0000,55.1000,47.7800,47.8300,50.4900,37693962,1942956915.0500,10.496806,1,-5.268370,0,6.598066
2018-07-09,sz.002371,47.5000,50.9900,47.3300,50.2500,47.8300,28303124,1391927950.5800,7.881697,1,5.059582,0,6.931900
2018-07-10,sz.002371,50.0800,51.7500,49.5000,51.4600,50.2500,19692374,996409218.6900,5.483823,1,2.407958,0,7.098818
2018-07-11,sz.002371,50.0000,53.0800,48.9600,53.0000,51.4600,24121613,1232723217.3900,6.717253,1,2.992618,0,7.311258
2018-07-12,sz.002371,52.2900,55.5000,52.0000,53.5000,53.0000,27383311,1472585722.3400,7.625553,1,0.943396,0,7.380232
2018-07-13,sz.002371,53.3000,54.2000,52.4300,53.3100,53.5000,17616141,940025891.7100,4.905645,1,-0.355138,0,7.354022
2018-07-16,sz.002371,54.0100,55.5000,53.3300,53.9000,53.3100,16696291,906158989.9400,4.649491,1,1.106735,0,7.435412
2018-07-17,sz.002371,53.7000,54.6000,52.0100,53.8500,53.9000,15236478,812988898.3300,4.242970,1,-0.092770,0,7.428514
2018-07-18,sz.002371,54.0900,54.3100,50.7700,51.0700,53.8500,16167171,848181574.3000,4.502144,1,-5.162487,0,7.045018
2018-07-19,sz.002371,51.5000,52.8800,51.3000,51.9000,51.0700,14726936,767402410.6500,4.101076,1,1.625224,0,7.159515
2018-07-20,sz.002371,51.9900,53.5200,51.5000,53.2500,51.9000,16304251,859245402.9700,4.540318,1,2.601153,0,7.345745
2018-07-23,sz.002371,53.5000,56.2500,53.0000,55.4200,53.2500,20708625,1134943445.5200,5.766823,1,4.075114,0,7.645093
2018-07-24,sz.002371,55.7000,56.2000,53.5000,55.0000,55.4200,15314555,840748463.5800,4.264713,1,-0.757846,0,7.587155
2018-07-25,sz.002371,54.5500,56.4700,54.1300,54.6100,55.0000,15031068,829346148.9400,4.185769,1,-0.709090,0,7.533355
2018-07-26,sz.002371,54.1500,54.3900,52.1000,52.7600,54.6100,12580929,667183543.0500,3.503468,1,-3.387662,0,7.278151
2018-07-27,sz.002371,52.3600,52.9800,51.0500,52.0600,52.7600,11582027,603462847.9000,3.225299,1,-1.326757,0,7.181587
2018-07-30,sz.002371,52.1600,52.4000,49.8100,50.4700,52.0600,11347540,576043305.0400,3.160000,1,-3.054168,0,6.962249
2018-07-31,sz.002371,50.4300,51.1300,48.8100,49.8600,50.4700,10552615,525942988.0000,2.938634,1,-1.208640,0,6.878101
2018-08-01,sz.002371,50.1600,52.0700,50.0100,50.2800,49.8600,14582545,745230622.5000,4.060866,1,0.842355,0,6.936039
2018-08-02,sz.002371,49.7000,51.5000,49.0000,51.1700,50.2800,14903012,752928332.8000,4.150108,1,1.770086,0,7.058813
2018-08-03,sz.002371,50.8300,51.2900,48.5800,48.5800,51.1700,10875233,542763297.6600,3.028475,1,-5.061553,0,6.701527
2018-08-06,sz.002371,48.2200,49.5200,47.1000,48.6000,48.5800,10180627,491710060.2800,2.835045,1,0.041162,0,6.704286
2018-08-07,sz.002371,48.8000,50.3500,47.0700,50.3100,48.6000,13715460,669400944.4300,3.819405,1,3.518525,0,6.940177
2018-08-08,sz.002371,49.7000,50.0900,46.3600,46.5800,50.3100,13359492,648489694.9200,3.720277,1,-7.414032,0,6.425630
2018-08-09,sz.002371,46.1200,51.2400,46.1200,51.0000,46.5800,23691913,1179443609.0600,6.597593,1,9.489047,0,7.035362
2018-08-10,sz.002371,50.8000,53.5000,50.6000,52.9500,51.0000,19822443,1031100264.7600,5.520044,1,3.823531,0,7.304361
2018-08-13,sz.002371,52.5600,55.8900,52.3500,55.8900,52.9500,19281782,1038233814.9100,5.369484,1,5.552405,0,7.709929
2018-08-14,sz.002371,55.4100,55.5000,52.7400,53.5400,55.8900,17612996,949394262.0000,4.904770,1,-4.204685,0,7.385750
2018-08-15,sz.002371,53.6000,54.3600,52.5200,53.8100,53.5400,14882838,797776058.6400,4.144490,1,0.504297,0,7.422996
2018-08-16,sz.002371,52.0200,53.8600,50.9100,51.4000,53.8100,14257709,746317346.6500,3.970408,1,-4.478721,0,7.090541
2018-08-17,sz.002371,52.4500,53.2500,49.8400,51.0000,51.4000,13191544,682316336.6800,3.673508,1,-0.778213,0,7.035362
2018-08-20,sz.002371,50.4000,52.5300,49.6200,52.5200,51.0000,11850997,605068853.6600,3.300200,1,2.980393,0,7.245043
2018-08-21,sz.002371,51.9900,53.7900,51.0600,53.3900,52.5200,13339641,701103665.7600,3.714384,1,1.656510,0,7.365058
2018-08-22,sz.002371,53.1000,53.3900,51.6800,51.9500,53.3900,8774469,460529269.7600,2.443225,1,-2.697132,0,7.166413
2018-08-23,sz.002371,51.9000,54.3300,51.7000,53.5900,51.9500,15400781,822840619.4900,4.285897,1,3.156880,0,7.392648
2018-08-24,sz.002371,53.5400,54.2600,52.3000,52.8700,53.5900,10584348,563522683.4300,2.945528,1,-1.343536,0,7.293325
2018-08-27,sz.002371,52.5500,54.8600,51.8800,54.0700,52.8700,14724562,791161170.3800,4.097711,1,2.269720,0,7.256284
2018-08-28,sz.002371,54.0700,55.8300,54.0200,54.7000,54.0700,13659300,750665761.1200,3.801259,1,1.165158,0,7.340831
2018-08-29,sz.002371,54.3600,54.6500,52.8000,53.3300,54.7000,10536651,562665006.0500,2.932254,1,-2.504568,0,7.156974
2018-08-30,sz.002371,53.1300,53.6500,52.2800,52.3000,53.3300,7807464,411771891.2500,2.172746,1,-1.931376,0,7.018747
2018-08-31,sz.002371,52.3500,53.1000,51.9000,51.9800,52.3000,8209990,431602946.2000,2.284765,1,-0.611854,0,6.975802
2018-09-03,sz.002371,51.4500,53.6500,50.2100,53.2600,51.9800,9579062,499286355.9100,2.665766,1,2.462483,0,7.147580
2018-09-04,sz.002371,52.9900,56.3300,52.7800,55.4200,53.2600,16963589,927321545.5200,4.720812,1,4.055576,0,7.437456
2018-09-05,sz.002371,55.0000,55.4000,53.8000,53.8000,55.4200,9843181,538173718.9300,2.739268,1,-2.923131,0,7.220049
2018-09-06,sz.002371,54.0200,56.2500,53.6100,55.1000,53.8000,13912402,767691983.8600,3.871695,1,2.416356,0,7.394511
2018-09-07,sz.002371,55.2600,56.2600,49.5900,50.8000,55.1000,23000023,1197045575.0900,6.400697,1,-7.803991,0,6.817444
2018-09-10,sz.002371,49.7900,50.1000,48.0200,48.6200,50.8000,13051721,638603338.3100,3.632175,1,-4.291339,0,6.524885
2018-09-11,sz.002371,48.9100,49.8800,48.6300,49.2100,48.6200,7226696,356045922.2700,2.011124,1,1.213493,0,6.604064
2018-09-12,sz.002371,49.3300,49.8500,47.5100,48.0800,49.2100,8637480,420634044.9100,2.403732,1,-2.296276,0,6.452416
2018-09-13,sz.002371,49.0000,49.2000,44.1500,46.9200,48.0800,16827295,781385288.5600,4.682883,1,-2.412653,0,6.296742
2018-09-14,sz.002371,46.1800,46.4700,44.8200,45.1000,46.9200,11344409,517961046.9400,3.157046,1,-3.878942,0,6.052495
2018-09-17,sz.002371,44.8100,45.9500,44.6200,45.1000,45.1000,7520437,341442041.4100,2.092869,1,0.000000,0,6.052495
2018-09-18,sz.002371,44.9000,46.4900,44.9000,46.3900,45.1000,8909174,408664815.3000,2.479342,1,2.860312,0,6.225615
2018-09-19,sz.002371,46.4000,48.3400,45.6500,47.2700,46.3900,11519242,542669618.1700,3.205700,1,1.896963,0,6.343712
2018-09-20,sz.002371,47.1100,47.6400,45.8000,46.1900,47.2700,7516713,350719292.4000,2.091833,1,-2.284751,0,6.198775
2018-09-21,sz.002371,46.5000,46.7600,44.8000,46.3400,46.1900,7667133,352042307.3700,2.133693,1,0.324749,0,6.218905
2018-09-25,sz.002371,46.0000,48.4600,45.9800,47.5600,46.3400,9412805,447728900.0800,2.619498,1,2.632717,0,6.382631
2018-09-26,sz.002371,47.3300,48.5900,47.0900,47.6200,47.5600,8041035,384091778.9100,2.237747,1,0.126151,0,6.390683
2018-09-27,sz.002371,47.9600,48.6100,47.4900,47.6000,47.6200,7786194,374082494.2500,2.166827,1,-0.042000,0,6.387999
2018-09-28,sz.002371,47.7900,47.8400,45.4700,47.0600,47.6000,7833894,365347085.0200,2.180101,1,-1.134448,0,6.315530
2018-10-08,sz.002371,45.6000,46.8000,45.0100,45.3600,47.0600,7250124,332282999.3200,2.017643,1,-3.612411,0,6.087387
2018-10-09,sz.002371,45.6900,46.1700,40.8500,41.9800,45.3600,13105888,560923183.4100,3.647249,1,-7.451501,0,5.633786
2018-10-10,sz.002371,41.9500,43.2200,40.7000,42.1500,41.9800,10102117,424361192.2700,2.811327,1,0.404959,0,5.656600
2018-10-11,sz.002371,39.9900,41.5000,38.0500,39.2300,42.1500,12596210,503671483.7200,3.505411,1,-6.927644,0,5.264731
2018-10-12,sz.002371,39.4000,40.7800,38.8000,40.4100,39.2300,10078339,403912978.8100,2.804710,1,3.007903,0,5.423089
2018-10-15,sz.002371,40.4100,42.0000,40.0800,40.3200,40.4100,8019456,328889822.2800,2.231742,1,-0.222718,0,5.411011
2018-10-16,sz.002371,40.5200,41.6500,39.4000,40.1400,40.3200,7949658,321894178.1500,2.212317,1,-0.446429,0,5.386855
2018-10-17,sz.002371,41.0000,41.5400,38.8000,41.4900,40.1400,12546496,511616289.8300,3.491576,1,3.363235,0,5.568027
2018-10-18,sz.002371,40.9000,41.0000,39.7100,39.8800,41.4900,8367587,337297347.3000,2.328623,1,-3.880455,0,5.351962
2018-10-19,sz.002371,38.0000,40.9300,37.6100,40.6000,39.8800,12354425,489522415.1300,3.438124,1,1.805410,0,5.448587
2018-10-22,sz.002371,41.1000,44.1000,41.1000,43.5800,40.6000,14940774,639802587.5000,4.157881,1,7.339910,0,5.848508
2018-10-23,sz.002371,43.5700,43.7900,41.7100,41.7300,43.5800,8863318,377931425.2400,2.466581,1,-4.245071,0,5.600235
2018-10-24,sz.002371,41.8500,42.7500,41.6000,41.9000,41.7300,7527364,318234145.9200,2.094797,1,0.407386,0,5.623049
2018-10-25,sz.002371,40.3000,40.6400,38.7000,39.9600,41.9000,10271803,406735170.5000,2.858549,1,-4.630077,0,5.362698
2018-10-26,sz.002371,40.5400,41.0000,39.0500,39.3800,39.9600,6381594,255359862.9100,1.775939,1,-1.451447,0,5.284861
2018-10-29,sz.002371,39.8100,40.5700,38.7000,39.6500,39.3800,7626084,304212677.0600,2.122270,1,0.685628,0,5.243824
2018-10-30,sz.002371,39.6900,39.6900,35.6900,37.4000,39.6500,16254246,600017144.1900,4.523409,1,-5.674653,0,4.946255
2018-10-31,sz.002371,37.4700,38.3500,37.0300,37.8300,37.4000,9492547,357800719.3400,2.641689,1,1.149733,0,5.003123
2018-11-01,sz.002371,38.5000,39.9400,38.2400,38.6700,37.8300,11409685,443562300.4900,3.175211,1,2.220450,0,5.114216
2018-11-02,sz.002371,40.5000,41.4500,40.2100,41.0600,38.6700,13105766,534109258.8900,3.647215,1,6.180511,0,5.430300
2018-11-05,sz.002371,40.8500,42.5000,40.6000,41.6500,41.0600,10574988,440342677.1300,2.942923,1,1.436922,0,5.508329
2018-11-06,sz.002371,41.2700,41.9800,40.4000,41.8500,41.6500,7534780,311710387.8800,2.096861,1,0.480185,0,5.534780
2018-11-07,sz.002371,41.5400,44.0500,41.5400,42.3900,41.8500,10636366,456108340.5800,2.960004,1,1.290325,0,5.606196
2018-11-08,sz.002371,42.9500,43.5000,41.6500,41.8400,42.3900,6200155,263341211.5800,1.725447,1,-1.297474,0,5.533457
2018-11-09,sz.002371,41.5100,42.4200,41.2400,41.3400,41.8400,4520800,189173543.4300,1.258097,1,-1.195029,0,5.467331
2018-11-12,sz.002371,41.6800,42.9400,41.3400,42.8400,41.3400,6477566,274049964.5300,1.802648,1,3.628447,0,5.665710
2018-11-13,sz.002371,42.2100,43.1600,41.9100,42.5300,42.8400,7519281,319789874.4700,2.092547,1,-0.723626,0,5.624712
2018-11-14,sz.002371,42.4000,44.4900,42.1800,43.2900,42.5300,9853496,427238759.6000,2.742138,1,1.786979,0,5.725224
2018-11-15,sz.002371,43.0100,44.1500,42.9600,43.9800,43.2900,6365837,277351850.2000,1.771554,1,1.593898,0,5.816478
2018-11-16,sz.002371,44.3700,45.8200,44.1000,45.2100,43.9800,9809794,443643568.5300,2.729976,1,2.796725,0,5.979149
2018-11-19,sz.002371,44.2600,45.7600,44.2000,44.8000,45.2100,6433700,289546049.6500,1.790440,1,-0.906879,0,5.924925
2018-11-20,sz.002371,44.4900,45.0300,43.3100,44.0000,44.8000,6880858,302539830.0100,1.914880,1,-1.785713,0,5.819123
2018-11-21,sz.002371,43.3700,43.9600,42.4000,42.8400,44.0000,6146604,264293522.4100,1.710544,1,-2.636363,0,5.665710
2018-11-22,sz.002371,42.9800,43.4800,42.8200,42.8500,42.8400,3628587,156541621.3800,1.009803,1,0.023339,0,5.667033
2018-11-23,sz.002371,42.5600,43.1700,40.5100,40.6400,42.8500,7391329,305827208.4500,2.056940,1,-5.157524,0,5.374754
2018-11-26,sz.002371,40.6900,41.0600,39.0700,39.9600,40.6400,6247111,249331205.5000,1.738514,1,-1.673229,0,5.284822
2018-11-27,sz.002371,40.3000,40.7700,39.6900,40.2800,39.9600,4803631,193575200.1100,1.336807,1,0.800800,0,5.327143
2018-11-28,sz.002371,40.3500,41.3800,40.0500,41.2700,40.2800,5463695,223315402.5900,1.520497,1,2.457800,0,5.458073
2018-11-29,sz.002371,41.8500,42.2600,39.7000,39.7200,41.2700,6960966,284796885.0200,1.937173,1,-3.755753,0,5.253081
2018-11-30,sz.002371,39.7800,41.1500,38.8000,40.6900,39.7200,6167708,246059972.7200,1.716417,1,2.442088,0,5.381366
2018-12-03,sz.002371,42.4000,44.3300,41.7100,44.2300,40.6900,12526616,540388972.7100,3.486043,1,8.699929,0,5.849541
2018-12-04,sz.002371,43.8000,44.4300,43.6800,44.2400,44.2300,6746824,297956608.0300,1.877580,1,0.022614,0,5.850864
2018-12-05,sz.002371,43.4700,44.6200,43.0300,43.6300,44.2400,6654239,292128879.8700,1.851814,1,-1.378844,0,5.770190
2018-12-06,sz.002371,43.6300,45.4300,43.2800,43.3700,43.6300,9519295,421992429.5800,2.649133,1,-0.595925,0,5.735804
2018-12-07,sz.002371,44.0000,44.4400,43.3400,43.6200,43.3700,4856494,213345592.4900,1.351518,1,0.576435,0,5.768867
2018-12-10,sz.002371,43.5100,44.2000,42.8700,43.6000,43.6200,4317631,188732531.7500,1.201557,1,-0.045852,0,5.766222
2018-12-11,sz.002371,43.8000,44.4800,43.2000,43.9900,43.6000,4287016,188238401.2500,1.193038,1,0.894503,0,5.817801
2018-12-12,sz.002371,44.3000,44.5000,42.8100,42.8500,43.9900,4767112,205986306.8100,1.326644,1,-2.591505,0,5.667033
2018-12-13,sz.002371,43.0000,43.3900,41.8800,43.0200,42.8500,5787395,247629722.8700,1.610579,1,0.396737,0,5.689516
2018-12-14,sz.002371,43.0000,43.0900,41.2100,41.3100,43.0200,5633813,236371326.1500,1.567839,1,-3.974893,0,5.463363
2018-12-17,sz.002371,40.8000,41.4100,40.5200,41.1800,41.3100,3587082,146968985.4500,0.998252,1,-0.314696,0,5.446170
2018-12-18,sz.002371,40.9800,41.3000,40.1500,40.6000,41.1800,3920787,159352598.4100,1.091119,1,-1.408455,0,5.369464
2018-12-19,sz.002371,40.7600,40.8000,39.5100,39.6900,40.6000,3757806,150303039.3000,1.045763,1,-2.241379,0,5.249114
2018-12-20,sz.002371,39.6000,40.6000,39.6000,39.9900,39.6900,4427083,177006871.4000,1.232017,1,0.755866,0,5.288790
2018-12-21,sz.002371,39.9000,40.2500,39.5000,39.7700,39.9900,3897242,155276027.4900,1.084567,1,-0.550141,0,5.259694
2018-12-24,sz.002371,39.7600,40.8300,39.2000,40.8300,39.7700,5051202,203220658.8500,1.405704,1,2.665329,0,5.399882
2018-12-25,sz.002371,40.3800,40.7200,39.2200,40.5200,40.8300,6254937,250126783.8300,1.740692,1,-0.759249,0,5.358884
2018-12-26,sz.002371,40.5500,40.5800,39.2500,39.2600,40.5200,5559715,220699132.9200,1.547218,1,-3.109581,0,5.192245
2018-12-27,sz.002371,39.9200,40.0300,38.0600,38.0600,39.2600,5849167,229485057.4100,1.627770,1,-3.056539,0,5.033542
2018-12-28,sz.002371,38.2000,38.4000,37.1300,37.7600,38.0600,5450333,205156023.0400,1.516778,1,-0.788237,0,4.993866
2019-01-02,sz.002371,37.8000,38.6000,37.5500,38.3100,37.7600,4378282,167339707.8200,1.218436,1,1.456576,0,5.066605
2019-01-03,sz.002371,38.0500,38.7800,38.0100,38.1600,38.3100,4077157,156600313.6700,1.134636,1,-0.391547,0,5.046767
2019-01-04,sz.002371,37.6000,39.6600,37.5000,39.2100,38.1600,5863366,227148716.0800,1.631721,1,2.751570,0,5.185632
2019-01-07,sz.002371,40.0500,42.8000,40.0500,42.0900,39.2100,12515225,520324578.5900,3.482873,1,7.345068,0,5.566520
2019-01-08,sz.002371,42.0500,42.9700,41.8000,42.0600,42.0900,8115717,343557626.5200,2.258530,1,-0.071273,0,5.562553
2019-01-09,sz.002371,42.1800,43.8000,41.7500,42.3700,42.0600,9464535,403429077.4400,2.633894,1,0.737036,0,5.603551
2019-01-10,sz.002371,42.1000,42.5800,41.5000,41.5600,42.3700,5259882,220660742.9600,1.463777,1,-1.911724,0,5.496426
2019-01-11,sz.002371,41.6900,42.2900,41.1300,41.4900,41.5600,4417101,183991011.8100,1.229239,1,-0.168430,0,5.487169
2019-01-14,sz.002371,41.6900,41.6900,40.3200,40.7000,41.4900,3986997,162223659.3900,1.109545,1,-1.904075,0,5.382689
2019-01-15,sz.002371,40.5800,41.8000,40.3800,41.8000,40.7000,5485643,225515096.0700,1.526604,1,2.702699,0,5.528167
2019-01-16,sz.002371,41.5300,43.0800,41.3900,41.4000,41.8000,6358934,268047259.3900,1.769633,1,-0.956932,0,5.475266
2019-01-17,sz.002371,41.2100,41.7500,40.3600,40.4600,41.4000,5077749,207261909.0800,1.413091,1,-2.270537,0,5.350948
2019-01-18,sz.002371,40.4000,41.6400,40.1300,40.8900,40.4600,4225349,172251612.6700,1.175876,1,1.062779,0,5.407817
2019-01-21,sz.002371,40.8900,42.7000,40.6200,42.5500,40.8900,9978343,420693130.2600,2.776882,1,4.059672,0,5.627357
2019-01-22,sz.002371,42.5000,42.6700,41.8100,42.4200,42.5500,5496176,231911099.9700,1.529536,1,-0.305525,0,5.610164
2019-01-23,sz.002371,42.1000,42.4900,41.5500,42.1100,42.4200,3272080,137761663.6600,0.910590,1,-0.730782,0,5.569165
2019-01-24,sz.002371,42.1400,46.3200,42.1400,45.8000,42.1100,18039270,811233901.5400,5.020165,1,8.762760,0,6.057178
2019-01-25,sz.002371,45.8100,46.9000,45.4900,45.7500,45.8000,11423913,527069810.8700,3.179171,1,-0.109169,0,6.050566
2019-01-28,sz.002371,46.2000,47.2500,45.7700,45.7700,45.7500,8169797,378860724.1100,2.273580,1,0.043717,0,6.053211
2019-01-29,sz.002371,45.4100,46.4400,44.9000,45.8700,45.7700,6272353,286778347.9900,1.745539,1,0.218480,0,6.066436
2019-01-30,sz.002371,45.4700,46.4900,45.0700,45.1200,45.8700,4222452,192812445.1300,1.175070,1,-1.635056,0,5.967246
2019-01-31,sz.002371,45.3500,46.6500,45.3500,45.6600,45.1200,5454868,250790480.8900,1.518040,1,1.196811,0,6.038663
2019-02-01,sz.002371,46.0100,47.8000,45.6000,47.5100,45.6600,6868647,322246740.1700,1.911482,1,4.051683,0,6.283331
2019-02-11,sz.002371,47.6200,49.8500,47.6200,48.9000,47.5100,6106440,298520531.6400,1.699367,1,2.925707,0,6.467162
2019-02-12,sz.002371,48.5900,49.0900,47.7000,48.1500,48.9000,6477108,313185010.6100,1.802520,1,-1.533742,0,6.367972
2019-02-13,sz.002371,48.1500,49.9600,47.8100,48.2800,48.1500,10602130,515192948.0300,2.950476,1,0.269984,0,6.385165
2019-02-14,sz.002371,47.7800,48.9900,47.2000,48.7400,48.2800,7496877,361250465.8400,2.086313,1,0.952782,0,6.446002
2019-02-15,sz.002371,48.4800,48.8600,47.9800,48.1000,48.7400,4909317,236995563.7800,1.366218,1,-1.313096,0,6.361360
2019-02-18,sz.002371,48.2500,49.7200,47.3800,49.4100,48.1000,11518586,561139042.1200,3.205518,1,2.723496,0,6.534611
2019-02-19,sz.002371,49.1500,50.1700,46.8100,47.8500,49.4100,14024806,678834886.8000,3.902976,1,-3.157259,0,6.328297
2019-02-20,sz.002371,47.6000,47.6600,46.5000,47.1800,47.8500,8859857,416989234.4600,2.465618,1,-1.400205,0,6.239687
2019-02-21,sz.002371,47.2800,48.4900,46.2100,46.4400,47.1800,10765871,511361316.9300,2.996044,1,-1.568465,0,6.141820
2019-02-22,sz.002371,46.3900,49.5600,46.3900,49.5000,46.4400,13336753,645070806.9200,3.711497,1,6.589150,0,6.546514
2019-02-25,sz.002371,52.0000,54.1100,50.1000,53.3000,49.5000,18183631,951949175.7900,5.060339,1,7.676766,0,7.049074
2019-02-26,sz.002371,53.0000,53.8800,50.9000,52.2000,53.3000,13215150,690376048.0000,3.677656,1,-2.063787,0,6.903596
2019-02-27,sz.002371,51.5000,52.5600,50.6100,51.3000,52.2000,8894194,460531933.6500,2.475173,1,-1.724141,0,6.784569
2019-02-28,sz.002371,51.8000,53.0100,51.0100,51.5800,51.3000,8288676,431012936.8500,2.306663,1,0.545814,0,6.821599
2019-03-01,sz.002371,51.9000,52.3300,50.6200,51.7300,51.5800,5356178,274288711.7500,1.490576,1,0.290806,0,6.841437
2019-03-04,sz.002371,52.9800,56.9000,52.0000,55.5800,51.7300,15452141,851925241.0700,4.300190,1,7.442494,0,7.350611
2019-03-05,sz.002371,55.5100,61.1400,55.3000,61.1400,55.5800,12193555,715727898.3700,3.393355,1,10.003590,0,8.085936
2019-03-06,sz.002371,67.0000,67.2500,62.5400,65.1700,61.1400,29032179,1893708602.2800,8.079391,1,6.591427,0,8.618915
2019-03-07,sz.002371,65.3100,71.4800,63.4500,67.8000,65.1700,19425266,1306082180.6000,5.405875,1,4.035607,0,8.966740
2019-03-08,sz.002371,67.0000,74.5800,63.5000,72.6500,67.8000,27715231,2004820046.1500,7.712896,1,7.153389,0,9.608166
2019-03-11,sz.002371,76.4800,79.0000,65.3900,71.5000,72.6500,26682961,1915957565.1800,7.425625,1,-1.582934,0,9.456075
2019-03-12,sz.002371,73.8100,78.6500,72.5700,78.6500,71.5000,21918118,1666440150.1400,6.099613,1,10.000000,0,10.401683
2019-03-13,sz.002371,80.5000,83.0000,70.9000,72.0000,78.6500,24167765,1868361728.2600,6.725669,1,-8.455183,0,9.522202
2019-03-14,sz.002371,70.0000,72.0000,67.3600,69.1000,72.0000,18918494,1310922924.6200,5.264845,1,-4.027780,0,9.138669
2019-03-15,sz.002371,69.9700,70.8000,67.4800,68.3800,69.1000,13031826,903876332.4200,3.626638,1,-1.041970,0,9.043447
2019-03-18,sz.002371,68.4300,71.6600,65.5500,70.9000,68.3800,14171250,971367114.9800,3.943730,1,3.685294,0,9.376724
2019-03-19,sz.002371,69.8000,74.3000,68.5500,71.6600,70.9000,13253808,951137132.1400,3.688414,1,1.071935,0,9.477236
2019-03-20,sz.002371,71.0000,71.8600,67.6200,69.3500,71.6600,10745135,743682583.7200,2.990273,1,-3.223563,0,9.171732
2019-03-21,sz.002371,69.1400,72.8000,67.9900,70.4200,69.3500,15410736,1090988417.8600,4.288667,1,1.542898,0,9.313242
2019-03-22,sz.002371,71.7000,73.9400,69.3800,71.3600,70.4200,13169455,940216790.9900,3.664939,1,1.334852,0,9.437560
2019-03-25,sz.002371,69.6000,73.4400,69.1800,71.1100,71.3600,13953795,1001070791.8400,3.883214,1,-0.350336,0,9.404497
2019-03-26,sz.002371,71.2400,73.1800,68.0000,68.0000,71.1100,13345766,943904890.4100,3.714005,1,-4.373507,0,8.993190
2019-03-27,sz.002371,68.8900,70.0400,66.1200,68.1100,68.0000,11653386,796479392.0800,3.243031,1,0.161766,0,9.007738
2019-03-28,sz.002371,67.2100,71.5000,67.2000,68.1900,68.1100,12070343,834962378.5000,3.359067,1,0.117460,0,9.018319
2019-03-29,sz.002371,67.6900,71.1000,65.5300,70.4900,68.1900,14411115,990117942.6000,4.010482,1,3.372922,0,9.322500
2019-04-01,sz.002371,71.1400,75.0700,69.9400,73.5700,70.4900,15194831,1106895647.1000,4.228583,1,4.369417,0,9.729839
2019-04-02,sz.002371,73.5000,77.5000,72.4800,72.9100,73.5700,14973725,1116685668.9700,4.167051,1,-0.897099,0,9.642552
2019-04-03,sz.002371,72.2200,73.8800,71.6000,73.2500,72.9100,9000702,652263525.1800,2.504813,1,0.466323,0,9.687518
2019-04-04,sz.002371,74.5000,75.6600,70.1200,71.0000,73.2500,14416107,1038566932.5300,4.011871,1,-3.071672,0,9.389949
2019-04-08,sz.002371,70.5000,70.5000,66.7000,66.9000,71.0000,14734693,1004626506.9100,4.100531,1,-5.774646,0,8.847712
2019-04-09,sz.002371,67.0000,68.4900,65.9000,67.2500,66.9000,9246645,619155667.6600,2.573257,1,0.523167,0,8.894001
2019-04-10,sz.002371,66.8800,67.3000,65.5300,66.6800,67.2500,7408755,491831005.1400,2.061789,1,-0.847583,0,8.818617
2019-04-11,sz.002371,66.6000,66.6000,62.6800,63.7600,66.6800,12586169,809414179.7700,3.502616,1,-4.379127,0,8.432439
2019-04-12,sz.002371,64.0800,65.2900,63.8200,64.6100,63.7600,6892532,444561123.9300,1.918129,1,1.333128,0,8.544853
2019-04-15,sz.002371,65.8500,67.3500,63.3600,63.6400,64.6100,8947298,586779044.1800,2.489952,1,-1.501317,0,8.416568
2019-04-16,sz.002371,63.0100,67.1300,62.2600,66.9100,63.6400,11459610,745694849.6600,3.189105,1,5.138285,0,8.849035
2019-04-17,sz.002371,66.8100,67.3400,65.6000,65.8000,66.9100,8763337,581708866.1400,2.438757,1,-1.658946,0,8.702234
2019-04-18,sz.002371,65.5300,66.6500,64.6600,64.9600,65.8000,5551600,362945206.8000,1.544960,1,-1.276602,0,8.591142
2019-04-19,sz.002371,64.7500,65.4900,63.7500,64.5000,64.9600,4914820,316845336.7100,1.367750,1,-0.708127,0,8.530306
2019-04-22,sz.002371,65.2500,67.2900,64.5000,65.4400,64.5000,11080227,732385366.4000,3.083526,1,1.457368,0,8.654623
2019-04-23,sz.002371,65.2900,66.5000,63.1000,63.9700,65.4400,8448346,545158998.0600,2.351098,1,-2.246334,0,8.460212
2019-04-24,sz.002371,64.1500,67.2200,62.2100,66.7600,63.9700,13160812,859683738.7200,3.662534,1,4.361421,0,8.618623
2019-04-25,sz.002371,66.5000,67.3500,62.7800,63.2400,66.7600,10377147,673820327.3000,2.887865,1,-5.272619,0,8.164196
2019-04-26,sz.002371,62.9900,65.5000,62.5800,63.8900,63.2400,8530669,549683790.9600,2.374007,1,1.027827,0,8.248110
2019-04-29,sz.002371,64.4700,64.4700,61.1500,61.8000,63.8900,8579912,537175082.4000,2.387711,1,-3.271248,0,7.978294
2019-04-30,sz.002371,61.3300,63.0200,60.5500,61.0100,61.8000,6579302,406378073.1300,1.830960,1,-1.278319,0,7.836049
2019-05-06,sz.002371,58.0000,59.3500,54.9100,54.9100,61.0100,9769561,555497736.5300,2.718780,1,-9.998359,0,7.052572
2019-05-07,sz.002371,55.4700,56.1300,54.8000,55.9000,54.9100,6720125,373375276.0300,1.870150,1,1.802953,0,7.179727
2019-05-08,sz.002371,54.8800,61.4900,54.5100,59.8500,55.9000,15366992,912547173.0500,4.276494,1,7.066184,0,7.687060
2019-05-09,sz.002371,59.8200,64.7800,59.4900,63.1800,59.8500,16545852,1032621509.1600,4.604560,1,5.563913,0,8.114761
2019-05-10,sz.002371,63.1800,69.5000,62.3800,69.5000,63.1800,21411806,1419214519.2800,5.958711,1,10.003170,0,8.926494
2019-05-13,sz.002371,68.0000,69.9000,66.7400,68.0400,69.5000,13423170,914591219.8900,3.735546,1,-2.100718,0,8.738973
2019-05-14,sz.002371,67.9000,68.7100,66.3000,66.8900,68.0400,9719051,653947302.9700,2.704723,1,-1.690184,0,8.591269
2019-05-15,sz.002371,67.4000,68.2900,66.9700,68.2900,66.8900,10442614,707221820.8700,2.906084,1,2.092991,0,8.771083
2019-05-16,sz.002371,67.8900,67.9000,65.6800,66.9700,68.2900,10035589,668522912.8500,2.792813,1,-1.932933,0,8.601544
2019-05-17,sz.002371,69.0000,70.5000,66.2500,66.5500,66.9700,15342310,1053365810.3300,4.269625,1,-0.627144,0,8.547600
2019-05-20,sz.002371,68.5000,70.3900,67.7600,68.8100,66.5500,13301540,917763615.1700,3.701697,1,3.395934,0,8.837871
2019-05-21,sz.002371,67.8900,69.8000,66.0000,68.1200,68.8100,11130962,755803091.3800,3.097645,1,-1.002754,0,8.749248
2019-05-22,sz.002371,68.1800,73.0100,67.8800,72.6000,68.1200,17377212,1226473722.4900,4.835920,1,6.576623,0,9.324654
2019-05-23,sz.002371,71.9900,71.9900,68.0000,68.0900,72.6000,16919765,1185057943.5000,4.708616,1,-6.212124,0,8.745395
2019-05-24,sz.002371,66.0800,67.6500,65.8000,65.8200,68.0900,9073595,603571778.4500,2.525099,1,-3.333818,0,8.453839
2019-05-27,sz.002371,65.9000,71.0000,65.8900,70.1800,65.8200,12405128,856428466.3200,3.452234,1,6.624127,0,9.013832
2019-05-28,sz.002371,70.1000,70.8800,69.0000,69.6600,70.1800,9416404,657055854.1600,2.620499,1,-0.740947,0,8.947044
2019-05-29,sz.002371,69.5500,70.8800,68.5500,69.4400,69.6600,8703502,607178596.0000,2.422105,1,-0.315821,0,8.918788
2019-05-30,sz.002371,68.6100,68.6600,66.0500,67.6000,69.4400,8672013,583226883.8400,2.413342,1,-2.649775,0,8.682460
2019-05-31,sz.002371,67.5400,68.5700,66.6600,66.7400,67.6000,6494271,437917509.8300,1.807296,1,-1.272190,0,8.572003
2019-06-03,sz.002371,67.4100,67.9600,64.5100,65.4500,66.7400,8363760,554166914.4600,2.327558,1,-1.932875,0,8.406317
2019-06-04,sz.002371,65.0200,66.3200,63.4800,63.5800,65.4500,7287507,470499985.6900,2.028047,1,-2.857136,0,8.166136
2019-06-05,sz.002371,64.4700,64.8300,63.2500,63.8100,63.5800,5050628,323932041.2100,1.405544,1,0.361748,0,8.195677
2019-06-06,sz.002371,63.9700,64.5000,62.3500,63.3000,63.8100,5486007,349316788.2400,1.526706,1,-0.799251,0,8.130174
2019-06-10,sz.002371,63.5900,64.8000,63.4100,64.3000,63.3000,4186317,269005127.7400,1.165014,1,1.579785,0,8.258612
2019-06-11,sz.002371,64.2200,66.6000,63.2000,66.4100,64.3000,8143772,532880192.5900,2.266338,1,3.281494,0,8.529618
2019-06-12,sz.002371,66.3400,66.9600,65.5200,66.4000,66.4100,7235089,478768899.7600,2.013459,1,-0.015061,0,8.528334
2019-06-13,sz.002371,66.3300,66.8500,65.7100,65.7600,66.4000,4542463,300534948.8000,1.264126,1,-0.963854,0,8.446133
2019-06-14,sz.002371,65.1700,66.3800,62.9000,62.9900,65.7600,6159089,397586822.4200,1.714018,1,-4.212288,0,8.090358
2019-06-17,sz.002371,62.9900,63.5500,59.5000,60.7700,62.9900,8670550,527742058.6200,2.412935,1,-3.524371,0,7.805223
2019-06-18,sz.002371,60.5000,61.5500,60.2000,60.8000,60.7700,4099244,249822434.0100,1.140782,1,0.049364,0,7.809077
2019-06-19,sz.002371,63.6200,64.3300,62.3900,62.4600,60.8000,7357598,466848667.6400,2.047553,1,2.730263,0,8.022285
2019-06-20,sz.002371,62.4400,65.1500,62.1000,63.9900,62.4600,6509805,415189909.1600,1.811619,1,2.449572,0,8.218796
2019-06-21,sz.002371,64.9000,67.8000,64.8500,67.1500,63.9900,11080109,741639237.1200,3.083493,1,4.938271,0,8.624663
2019-06-24,sz.002371,66.8000,67.9700,66.1200,66.9000,67.1500,5333449,356869447.4700,1.484250,1,-0.372301,0,8.592553
2019-06-25,sz.002371,67.0300,67.0900,64.1200,65.0100,66.9000,5571531,362654641.9400,1.550506,1,-2.825111,0,8.349804
2019-06-26,sz.002371,64.5900,68.4900,64.2300,68.1600,65.0100,9712421,650839335.6900,2.702878,1,4.845410,0,8.754386
2019-06-27,sz.002371,67.8100,70.8800,67.8100,69.9500,68.1600,10701301,744383307.5200,2.978075,1,2.626164,0,8.984291
2019-06-28,sz.002371,69.9500,71.6000,68.8000,69.2500,69.9500,6615581,463029577.3200,1.841056,1,-1.000710,0,8.894384
2019-07-01,sz.002371,71.5000,72.4400,70.0000,70.6200,69.2500,8696158,618071478.6000,2.420062,1,1.978343,0,9.070345
2019-07-02,sz.002371,70.5200,70.5400,68.4800,68.9600,70.6200,7056406,488206828.7800,1.963734,1,-2.350614,0,8.857137
2019-07-03,sz.002371,68.6000,68.9300,66.9100,67.2500,68.9600,6483392,438666136.0400,1.804269,1,-2.479697,0,8.637507
2019-07-04,sz.002371,67.5000,67.9100,66.4700,67.1500,67.2500,4282054,287485653.5200,1.191657,1,-0.148697,0,8.624663
2019-07-05,sz.002371,67.0100,68.2000,67.0100,67.8500,67.1500,5411729,366462095.8000,1.506035,1,1.042438,0,8.714570
2019-07-08,sz.002371,67.5300,68.6300,66.5100,67.4000,67.8500,6902846,465961718.5500,1.920999,1,-0.663223,0,8.656772
2019-07-09,sz.002371,66.2000,67.6000,65.6000,67.0500,67.4000,4756257,316661079.2200,1.323623,1,-0.519286,0,8.611819
2019-07-10,sz.002371,67.7500,70.7700,67.7000,68.5400,67.0000,9765640,674747019.2400,2.717689,1,2.298509,0,8.803193
2019-07-11,sz.002371,68.6900,69.0000,66.1000,66.3000,68.5400,7549305,509286368.4200,2.100903,1,-3.268161,0,8.515490
2019-07-12,sz.002371,66.1500,66.7900,65.0000,65.5800,66.3000,4464019,294689032.5200,1.242296,1,-1.085975,0,8.423014
2019-07-15,sz.002371,65.6000,69.5800,64.6000,69.1400,65.5800,10613568,720811916.2300,2.953659,1,5.428480,0,8.880256
2019-07-16,sz.002371,68.9100,70.1600,68.9000,69.3500,69.1400,6406875,445494035.5000,1.782975,1,0.303730,0,8.907228
2019-07-17,sz.002371,69.9800,71.4000,69.7000,69.9000,69.3500,8303715,586296357.7800,2.310848,1,0.793083,0,8.977869
2019-07-18,sz.002371,68.6900,68.7800,65.5000,65.5300,69.9000,13946564,930380872.2100,3.881202,1,-6.251792,0,8.416592
2019-07-19,sz.002371,65.8800,67.2500,65.5400,66.9500,65.5300,8017526,532621233.2700,2.231204,1,2.166944,0,8.598975
2019-07-22,sz.002371,68.6400,69.5000,63.5500,63.7500,66.9500,12349989,810989461.6900,3.436889,1,-4.779682,0,8.187971
2019-07-23,sz.002371,63.0500,65.4000,63.0000,64.7800,63.7500,5733641,370653629.6200,1.595620,1,1.615684,0,8.320263
2019-07-24,sz.002371,64.8900,66.2000,64.6200,65.0000,64.7800,5668640,370782579.8300,1.577531,1,0.339613,0,8.348519
2019-07-25,sz.002371,64.9500,66.3000,64.8300,65.4800,65.0000,6878328,451438111.7300,1.914176,1,0.738467,0,8.410170
2019-07-26,sz.002371,65.8300,66.0000,63.8800,64.3700,65.4800,7693612,497477392.5600,2.141100,1,-1.695200,0,8.267603
2019-07-29,sz.002371,64.6000,65.9000,64.0500,65.3300,64.3700,6083673,397100667.4300,1.693031,1,1.491377,0,8.390904
2019-07-30,sz.002371,65.3300,65.6800,64.2500,64.5000,65.3300,5195185,336326036.9700,1.445800,1,-1.270500,0,8.284300
2019-07-31,sz.002371,64.4500,65.1400,64.0400,64.5800,64.5000,5366679,347546958.0100,1.493500,1,0.124000,0,8.294575
2019-08-01,sz.002371,64.0000,64.4800,60.2500,61.0000,64.5800,14337104,885029970.9100,3.989900,1,-5.543500,0,7.834764
2019-08-02,sz.002371,59.4500,61.5900,58.8000,60.7400,61.0000,7957375,480113940.0600,2.214500,1,-0.426200,0,7.801370
2019-08-05,sz.002371,60.4900,61.1300,59.6600,59.8000,60.7400,5437898,327988185.4500,1.513300,1,-1.547600,0,7.680638
2019-08-06,sz.002371,58.1800,59.2800,56.4000,59.0000,59.8000,7946494,461438206.6600,2.211400,1,-1.337800,0,7.577887
2019-08-07,sz.002371,59.0300,59.6900,55.8000,56.1900,59.0000,10148124,579282359.9900,2.824100,1,-4.762700,0,7.216974
2019-08-08,sz.002371,56.7500,58.2500,56.2200,57.9500,56.1900,7976920,457275066.1200,2.219900,1,3.132200,0,7.443026
2019-08-09,sz.002371,58.3000,58.8300,56.4500,57.0900,57.9500,6128382,353475612.9600,1.705500,1,-1.484000,0,7.332569
2019-08-12,sz.002371,57.5700,58.6100,56.6800,58.0800,57.0900,8190860,472002760.2800,2.279400,1,1.734100,0,7.459723
2019-08-13,sz.002371,57.5000,58.4000,56.8900,57.2000,58.0800,5255222,302466674.6500,1.462500,1,-1.515200,0,7.346697
2019-08-14,sz.002371,58.2000,59.1000,57.8800,58.4500,57.2000,9183850,537916103.8600,2.555800,1,2.185300,0,7.507246
2019-08-15,sz.002371,56.9400,59.1500,56.2000,59.1300,58.4500,10341069,596630869.6800,2.877800,1,1.163400,0,7.415794
2019-08-16,sz.002371,58.7400,60.5800,58.4500,59.3700,59.1300,9761908,581116210.9900,2.716700,1,0.405900,0,7.445894
2019-08-19,sz.002371,59.9300,62.6600,59.0200,61.4400,59.3700,14047980,857796131.3400,3.909400,1,3.486600,0,7.705503
2019-08-20,sz.002371,61.4000,62.1900,59.6500,59.8500,61.4400,8361978,507223815.7600,2.327100,1,-2.587900,0,7.506093
2019-08-21,sz.002371,59.7000,60.7500,58.2300,60.0200,59.8500,8707041,517326020.1000,2.423100,1,0.284000,0,7.527413
2019-08-22,sz.002371,59.7000,63.5100,59.7000,62.0800,60.0200,15201764,945242346.5000,4.230100,1,3.432200,0,7.785768
2019-08-23,sz.002371,62.8300,63.6700,61.3900,62.0200,62.0800,10341372,645214805.4800,2.258500,1,-0.096700,0,7.778244
2019-08-26,sz.002371,60.6600,65.6000,60.6600,65.0900,62.0200,17421742,1116621664.7700,3.804700,1,4.950000,0,8.163268
2019-08-27,sz.002371,65.0600,66.2800,64.1100,65.2000,65.0900,11730489,767343061.5900,2.561800,1,0.169000,0,8.177064
2019-08-28,sz.002371,65.0000,65.1800,63.5400,64.0100,65.2000,8122124,521750317.7600,1.773800,1,-1.825100,0,8.027820
2019-08-29,sz.002371,64.0000,64.6700,63.5000,64.0500,64.0100,7004005,448679351.9400,1.529600,1,0.062500,0,8.032836
2019-08-30,sz.002371,64.0400,67.0100,63.6200,64.7000,64.0500,15728928,1029058308.0900,3.435000,1,1.014800,0,8.114356
2019-09-02,sz.002371,64.9900,67.6600,63.9600,66.9800,64.7000,13711886,906165781.1600,2.994500,1,3.524000,0,8.400302
2019-09-03,sz.002371,66.9700,70.7400,66.1400,69.1300,66.9800,16340932,1116260392.4400,3.568700,1,3.209900,0,8.669945
2019-09-04,sz.002371,70.0400,72.8800,69.5000,71.0000,69.1300,16019449,1142783306.2900,3.498500,1,2.705100,0,8.904471
2019-09-05,sz.002371,71.4600,74.5500,70.5300,72.2200,71.0000,13984188,1013825661.0500,3.054000,1,1.718300,0,9.057477
2019-09-06,sz.002371,72.0100,73.2000,68.9000,70.3200,72.2200,15766174,1113822744.3200,3.443200,1,-2.630900,0,8.819189
2019-09-09,sz.002371,70.9500,72.7000,70.0000,72.5400,70.3200,13350580,952576245.7800,2.915600,1,3.157000,0,9.097610
2019-09-10,sz.002371,72.4000,72.4000,69.0400,70.0000,72.5400,12405641,873122408.1400,2.709300,1,-3.501500,0,8.779056
2019-09-11,sz.002371,70.0100,70.9500,67.9500,68.5800,70.0000,10471037,724476623.7700,2.286800,1,-2.028600,0,8.600966
2019-09-12,sz.002371,69.1100,71.2300,68.8800,69.1800,68.5800,9259480,646375191.8700,2.022200,1,0.874900,0,8.676216
2019-09-16,sz.002371,69.5400,71.1900,68.5000,70.4400,69.1800,9574212,671143259.6100,2.090900,1,1.821300,0,8.834239
2019-09-17,sz.002371,69.7500,69.8700,67.1000,67.9800,70.4400,8972921,612773129.5600,1.959600,1,-3.492300,0,8.525717
2019-09-18,sz.002371,68.3000,68.8300,67.1900,68.5400,67.9800,5920863,403393175.8500,1.293100,1,0.823800,0,8.595950
2019-09-19,sz.002371,68.5300,70.4000,68.0500,70.1100,68.5400,10537693,733038301.0600,2.301300,1,2.290600,0,8.792852
2019-09-20,sz.002371,70.1000,71.6700,69.2200,70.9800,70.1100,11336343,799062690.6900,2.475700,1,1.240900,0,8.901963
2019-09-23,sz.002371,70.9500,78.0800,69.6000,78.0800,70.9800,21559683,1593337201.2900,4.708400,1,10.002800,0,9.792410
2019-09-24,sz.002371,79.8000,85.8000,79.5400,81.8500,78.0800,26389492,2170827663.0900,5.763200,1,4.828400,0,10.265225
2019-09-25,sz.002371,81.6300,82.9000,78.5900,79.8000,81.8500,18630271,1500107912.5700,4.068700,1,-2.504600,0,10.008124
2019-09-26,sz.002371,80.0100,80.7000,71.8200,71.8200,79.8000,21754505,1631963216.8700,4.751000,1,-10.000000,0,9.007311
2019-09-27,sz.002371,69.8000,70.4300,67.2400,69.0000,71.8200,22016006,1513136109.8700,4.808100,1,-3.926500,0,8.653641
2019-09-30,sz.002371,68.3000,68.6800,65.5800,65.5800,69.0000,12443962,828106070.6700,2.717600,1,-4.956500,0,8.224721
2019-10-08,sz.002371,65.7200,66.7700,64.8100,65.3000,65.5800,8571906,563978895.6100,1.872000,1,-0.427000,0,8.189605
2019-10-09,sz.002371,65.3200,67.0000,64.2000,66.6300,65.3000,6637390,439525039.7800,1.449500,1,2.036700,0,8.356407
2019-10-10,sz.002371,66.7000,69.3000,66.3300,69.0900,66.6300,11267721,770107378.8400,2.460800,1,3.692000,0,8.664928
2019-10-11,sz.002371,69.0900,69.0900,66.0600,66.3400,69.0900,12343682,828688397.7600,2.695700,1,-3.980300,0,8.320037
2019-10-14,sz.002371,67.2700,67.8000,66.6300,67.5000,66.3400,9132940,615362508.1700,1.994500,1,1.748600,0,8.465518
2019-10-15,sz.002371,67.1000,67.1000,64.4400,64.6300,67.5000,9686090,630662603.9600,2.115300,1,-4.251900,0,8.105577
2019-10-16,sz.002371,64.6000,65.3700,63.5000,63.5000,64.6300,8193554,526440804.4700,1.789400,1,-1.748400,0,7.963858
2019-10-17,sz.002371,64.0800,64.2400,62.8000,63.0000,63.5000,6552337,415065326.1200,1.431000,1,-0.787400,0,7.901150
2019-10-18,sz.002371,63.2700,64.4900,62.5000,62.6600,63.0000,7397135,468582520.2800,1.615500,1,-0.539700,0,7.858509
2019-10-21,sz.002371,62.3000,63.6000,61.0300,63.4900,62.6600,5365094,336936290.4200,1.171700,1,1.324600,0,7.962604
2019-10-22,sz.002371,63.4000,64.7500,63.2100,64.1800,63.4900,5950782,381699932.2400,1.299600,1,1.086800,0,8.049140
2019-10-23,sz.002371,64.1300,64.5000,62.8800,63.0100,64.1800,4985981,318104073.1600,1.088900,1,-1.823000,0,7.902404
2019-10-24,sz.002371,63.1500,63.3100,62.5000,63.0400,63.0100,3138101,197375638.8000,0.685300,1,0.047600,0,7.906167
2019-10-25,sz.002371,63.1300,65.0000,62.3600,64.8500,63.0400,6066995,388291342.4000,1.325000,1,2.871200,0,8.133168
2019-10-28,sz.002371,66.9000,67.8500,65.0800,67.2900,64.8500,11058742,737158176.2100,2.415100,1,3.762500,0,8.439181
2019-10-29,sz.002371,67.6000,70.3700,66.6300,66.6800,67.2900,13189322,905072021.4500,2.880400,1,-0.906500,0,8.362678
2019-10-30,sz.002371,66.0000,69.9500,65.8500,68.6900,66.6800,11269847,774143141.2700,2.461200,1,3.014400,0,8.614762
2019-10-31,sz.002371,69.6000,72.1300,69.2800,70.7500,68.6900,14006339,993604003.1000,3.058800,1,2.999000,0,8.656312
2019-11-01,sz.002371,70.5600,71.4800,69.3000,70.9500,70.7500,8826687,621336976.8900,1.927700,1,0.282700,0,8.680782
2019-11-04,sz.002371,71.4000,71.9600,69.8000,71.0800,70.9500,8269591,586759163.4500,1.806000,1,0.183200,0,8.696688
2019-11-05,sz.002371,71.0600,73.7800,71.0000,72.7500,71.0800,10989573,796047835.7000,2.400000,1,2.349500,0,8.901013
2019-11-06,sz.002371,71.9100,73.2500,69.7200,69.9200,72.7500,10700402,759264187.5400,2.336900,1,-3.890000,0,8.554761
2019-11-07,sz.002371,70.1000,71.4400,70.0000,71.0000,69.9200,6688037,472916857.2300,1.460600,1,1.544600,0,8.686900
2019-11-08,sz.002371,72.0000,72.3500,69.8700,69.8800,71.0000,7820439,554767740.6500,1.707900,1,-1.577500,0,8.549867
2019-11-11,sz.002371,69.0000,70.3600,68.3000,68.5800,69.8800,6139488,424293549.5700,1.340800,1,-1.860300,0,8.390811
2019-11-12,sz.002371,69.0300,69.5500,66.8200,69.2000,68.5800,7283445,497776756.8400,1.590600,1,0.904000,0,8.466668
2019-11-13,sz.002371,72.5300,76.1200,71.6800,76.1200,69.2000,17793054,1314948997.6000,3.885800,1,10.000000,0,9.313335
2019-11-14,sz.002371,79.7000,80.3000,77.3700,79.1100,76.1200,26909185,2122970264.5700,5.876700,1,3.928000,0,9.679164
2019-11-15,sz.002371,78.7600,80.3300,76.8100,77.2400,79.1100,16507969,1301203261.2800,3.605200,1,-2.363800,0,9.450368
2019-11-18,sz.002371,77.2300,78.3400,75.9000,76.8500,77.2400,10571161,811914282.2500,2.308600,1,-0.504900,0,9.402651
2019-11-19,sz.002371,76.5000,77.5000,75.5000,77.3500,76.8500,12134983,927839140.5700,2.650200,1,0.650600,0,9.463827
2019-11-20,sz.002371,77.2500,78.3700,75.6000,75.8000,77.3500,12010427,924778633.5900,2.623000,1,-2.003900,0,9.274183
2019-11-21,sz.002371,75.0000,76.6000,74.6800,76.0400,75.8000,7050673,533315541.1200,1.539800,1,0.316600,0,9.303547
2019-11-22,sz.002371,76.0100,77.9900,71.8800,72.7100,76.0400,15320798,1142795261.1900,3.345900,1,-4.379300,0,8.896119
2019-11-25,sz.002371,73.5000,73.8000,70.2000,70.6100,72.7100,8764381,624653910.2800,1.914100,1,-2.888200,0,8.639183
2019-11-26,sz.002371,70.9100,72.0700,70.6300,71.5000,70.6100,7231074,515818806.1200,1.579200,1,1.260400,0,8.748075
2019-11-27,sz.002371,71.5000,77.2400,71.1000,76.0500,71.5000,13602278,1018331103.1500,2.970600,1,6.363600,0,9.304771
2019-11-28,sz.002371,75.7500,78.5600,75.4500,77.0000,76.0500,12312990,949902594.1300,2.689000,1,1.249200,0,9.421004
2019-11-29,sz.002371,77.7500,78.3800,76.2000,78.2000,77.0000,9894925,765627070.0300,2.161000,1,1.558400,0,9.567825
2019-12-02,sz.002371,78.4900,81.7100,77.1800,80.0000,78.2000,12599516,1007294722.1800,2.751600,1,2.301800,0,9.788056
2019-12-03,sz.002371,78.8000,81.0000,78.3500,79.9900,80.0000,7793311,620711417.9200,1.702000,1,-0.012500,0,9.786833
2019-12-04,sz.002371,79.9900,87.9900,79.9900,86.3300,79.9900,22587735,1937133443.7300,4.932900,1,7.926000,0,11.315338
2019-12-05,sz.002371,86.0100,91.7600,85.4100,88.1600,86.3300,22094602,1950415497.0500,4.825200,1,2.119800,0,11.555197
2019-12-06,sz.002371,88.6700,90.9400,87.7700,90.3100,88.1600,11408152,1017854676.8500,2.491400,1,2.438700,0,11.836999
2019-12-09,sz.002371,90.9000,91.9700,88.6400,88.6400,90.3100,10009669,901463944.9800,2.186000,1,-1.849200,0,11.618111
2019-12-10,sz.002371,88.7000,91.4800,87.2000,90.1000,88.6400,10876228,973818278.8400,2.375300,1,1.647100,0,11.809475
2019-12-11,sz.002371,89.3500,93.3300,87.4200,89.8700,90.1000,13618922,1223262823.4400,2.974200,1,-0.255300,0,11.779328
2019-12-12,sz.002371,89.6000,92.9500,89.6000,90.8000,89.8700,12181807,1110634691.0700,2.660400,1,1.034800,0,11.901224
2019-12-13,sz.002371,91.2800,91.4900,86.8000,90.3000,90.8000,12261385,1092254826.5200,2.677800,1,-0.550700,0,11.835689
2019-12-16,sz.002371,89.8200,92.3000,87.6000,92.3000,90.3000,14406474,1293950834.3100,3.146200,1,2.214800,0,12.097830
2019-12-17,sz.002371,91.7600,91.9000,89.0000,90.6700,92.3000,10761661,971473110.8300,2.350200,1,-1.766000,0,11.884185
2019-12-18,sz.002371,90.2300,93.3200,90.1400,91.8000,90.6700,11769436,1079454174.6200,2.570300,1,1.246300,0,12.032295
2019-12-19,sz.002371,91.8900,91.8900,85.5000,87.7000,91.8000,15482793,1355341468.1200,3.381300,1,-4.466200,0,11.494905
2019-12-20,sz.002371,87.5400,88.3300,85.8000,85.8200,87.7000,7382678,643068040.1300,1.612300,1,-2.143700,0,11.248492
2019-12-23,sz.002371,82.8500,84.5000,81.8200,82.5000,85.8200,12785234,1061267797.0600,2.792200,1,-3.868600,0,10.813337
2019-12-24,sz.002371,83.2800,86.9300,82.6300,86.5000,82.5000,10161003,859135376.8000,2.219100,1,4.848500,0,11.337620
2019-12-25,sz.002371,86.9800,95.0000,86.5000,93.9900,86.5000,19511289,1783213620.5900,4.261100,1,8.659000,0,12.319340
2019-12-26,sz.002371,93.0000,93.9800,91.5000,92.8600,93.9900,8315920,769032709.8400,1.816100,1,-1.202300,0,12.171230
2019-12-27,sz.002371,92.5000,92.5800,88.1800,88.8100,92.8600,11320184,1026405024.9600,2.472200,1,-4.361400,0,11.640393
2019-12-30,sz.002371,88.8200,90.3300,85.8600,88.6100,88.8100,8612085,763500235.0200,1.880800,1,-0.225200,0,11.614179
2019-12-31,sz.002371,88.6600,89.5000,87.0000,88.0000,88.6100,5423341,478029442.5500,1.184400,1,-0.688400,0,11.534226
2020-01-02,sz.002371,88.6200,93.2600,88.0000,93.0000,88.0000,11858214,1083964251.6900,2.589700,1,5.681800,0,12.189580
2020-01-03,sz.002371,93.2000,94.5000,90.2000,92.7000,93.0000,8892033,822252265.5100,1.941900,1,-0.322600,0,12.150258
2020-01-06,sz.002371,91.2100,93.4900,90.3500,90.8500,92.7000,9526704,874125938.4100,2.080500,1,-1.995700,0,11.907778
2020-01-07,sz.002371,90.0000,91.9100,90.0000,91.3200,90.8500,6799006,618471927.4400,1.484800,1,0.517300,0,11.969381
2020-01-08,sz.002371,91.0000,91.0000,88.1300,89.1100,91.3200,7857547,701005227.1500,1.716000,1,-2.420100,0,11.679714
2020-01-09,sz.002371,90.0500,90.9900,88.5600,90.7400,89.1100,7684366,689888990.1400,1.678200,1,1.829200,0,11.893360
2020-01-10,sz.002371,91.0000,94.6600,90.0000,91.0000,90.7400,12101036,1116995958.2600,2.642700,1,0.286500,0,11.927438
2020-01-13,sz.002371,91.0000,100.1000,91.0000,100.1000,91.0000,13550754,1330440859.6300,2.959300,1,10.000000,0,13.120182
2020-01-14,sz.002371,105.1500,108.8800,102.6300,107.1500,100.1000,19851436,2097318066.5200,4.335400,1,7.043000,0,14.044231
2020-01-15,sz.002371,106.2200,108.8000,104.5000,108.0000,107.1500,12333780,1313301995.9700,2.693600,1,0.793300,0,14.155641
2020-01-16,sz.002371,109.7400,117.7100,109.0000,113.0000,108.0000,16838886,1903791270.4700,3.677400,1,4.629600,0,14.810995
2020-01-17,sz.002371,113.7800,114.9900,110.3900,113.0000,113.0000,11643311,1306710483.1000,2.542800,1,0.000000,0,14.810995
2020-01-20,sz.002371,112.2600,121.0900,112.2600,117.9800,113.0000,12924222,1509638140.9600,2.822500,1,4.407100,0,15.463727
2020-01-21,sz.002371,116.1900,119.6000,114.8300,117.4000,117.9800,8513229,1002053935.7300,1.859200,1,-0.491600,0,15.387706
2020-01-22,sz.002371,117.4000,127.0000,111.9400,127.0000,117.4000,12057487,1451705921.0000,2.633200,1,8.177200,0,16.645985
2020-01-23,sz.002371,123.3200,129.3000,114.3000,118.5000,127.0000,15981999,1935692870.2900,3.490300,1,-6.692900,0,15.531884
2020-02-03,sz.002371,106.6500,110.5000,106.6500,106.6500,118.5000,13677649,1471903996.8200,2.987100,1,-10.000000,0,13.978695
2020-02-04,sz.002371,108.5000,117.3200,108.5000,117.3200,106.6500,11377512,1308805329.5500,2.484700,1,10.004700,0,15.377220
2020-02-05,sz.002371,118.5100,129.0500,118.5100,124.6200,117.3200,17199237,2145626649.7800,3.756100,1,6.222300,0,16.334037
2020-02-06,sz.002371,123.2100,137.0800,122.0000,137.0800,124.6200,15238940,1969902730.4500,3.328000,1,9.998400,0,17.967178
2020-02-07,sz.002371,137.4700,146.5000,133.0000,144.9600,137.0800,13103349,1813242746.1800,2.861600,1,5.748500,0,19.000016
2020-02-10,sz.002371,141.0000,144.9200,136.3900,140.0800,144.9600,11888695,1667324550.5400,2.596400,1,-3.366400,0,18.360391
2020-02-11,sz.002371,138.5700,143.6000,138.5700,141.3000,140.0800,9333734,1321072587.8900,2.038400,1,0.870900,0,18.520297
2020-02-12,sz.002371,140.2800,143.5000,137.4000,142.3500,141.3000,11038890,1551703017.5600,2.410800,1,0.743100,0,18.657921
2020-02-13,sz.002371,142.3500,153.8000,140.7000,145.2900,142.3500,14366074,2109448315.8200,3.137400,1,2.065300,0,19.043269
2020-02-14,sz.002371,142.5800,151.5000,140.2000,141.4100,145.2900,11465513,1677498992.3200,2.504000,1,-2.670500,0,18.534715
2020-02-17,sz.002371,143.2500,147.4400,141.6000,146.4000,141.4100,8771578,1272892488.1200,1.915600,1,3.528700,0,19.188758
2020-02-18,sz.002371,147.5000,156.9800,146.5100,154.0100,146.4000,11572497,1766319504.1000,2.527300,1,5.198100,0,20.186206
2020-02-19,sz.002371,152.0000,160.2000,148.9200,155.1600,154.0100,11775255,1829227341.8800,2.571600,1,0.746700,0,20.336938
2020-02-20,sz.002371,153.8000,158.7700,146.5300,154.8900,155.1600,13863005,2115945159.1600,3.027500,1,-0.174000,0,20.301548
2020-02-21,sz.002371,151.2500,154.9900,151.0100,153.0000,154.8900,11160370,1704885583.6900,2.437300,1,-1.220200,0,20.053825
2020-02-24,sz.002371,152.2000,168.3000,151.5300,168.3000,153.0000,16798801,2750185891.7900,3.668700,1,10.000000,0,22.059207
2020-02-25,sz.002371,167.5000,180.1500,158.0000,174.7000,168.3000,16703253,2817110794.8100,3.647800,1,3.802700,0,22.898060
2020-02-26,sz.002371,170.0000,173.5000,157.2300,157.2300,174.7000,15802590,2591060431.9700,3.451100,1,-10.000000,0,20.608254
